2;2500;50;50;true;true;true
931;0;0;0;882;0;1746
882;0;1;931;1940;0;2049
1940;0;2;882;260;0;2365
260;0;3;1940;403;0;1962
403;0;4;260;2378;0;2125
2378;0;5;403;2315;0;1543
2315;0;6;2378;1425;0;1335
1425;0;7;2315;2151;0;2055
2151;0;8;1425;297;0;151
297;0;9;2151;996;0;932
996;0;10;297;2334;0;179
2334;0;11;996;2326;0;2063
2326;0;12;2334;111;0;27
111;0;13;2326;472;0;2425
472;0;14;111;1338;0;149
1338;0;15;472;2412;0;646
2412;0;16;1338;1001;0;1236
1001;0;17;2412;1334;0;1193
1334;0;18;1001;1061;0;1781
1061;0;19;1334;2460;0;478
2460;0;20;1061;1705;0;1371
1705;0;21;2460;2443;0;1661
2443;0;22;1705;2286;0;1818
2286;0;23;2443;80;0;696
80;0;24;2286;84;0;2327
84;0;25;80;1443;0;1184
1443;0;26;84;520;0;1045
520;0;27;1443;1058;0;1404
1058;0;28;520;1014;0;1234
1014;0;29;1058;1778;0;758
1778;0;30;1014;1534;0;433
1534;0;31;1778;1411;0;1847
1411;0;32;1534;510;0;793
510;0;33;1411;1905;0;857
1905;0;34;510;195;0;868
195;0;35;1905;2325;0;1283
2325;0;36;195;909;0;2400
909;0;37;2325;351;0;1671
351;0;38;909;698;0;1954
698;0;39;351;1420;0;2297
1420;0;40;698;610;0;119
610;0;41;1420;2485;0;189
2485;0;42;610;1487;0;427
1487;0;43;2485;943;0;1156
943;0;44;1487;913;0;1119
913;0;45;943;576;0;280
576;0;46;913;604;0;33
604;0;47;576;714;0;190
714;0;48;604;314;0;451
314;0;49;714;0;0;2300
1746;1;0;0;2049;931;1094
2049;1;1;1746;2365;882;1908
2365;1;2;2049;1962;1940;606
1962;1;3;2365;2125;260;1000
2125;1;4;1962;1543;403;48
1543;1;5;2125;1335;2378;446
1335;1;6;1543;2055;2315;458
2055;1;7;1335;151;1425;1951
151;1;8;2055;932;2151;2013
932;1;9;151;179;297;1977
179;1;10;932;2063;996;2001
2063;1;11;179;27;2334;1670
27;1;12;2063;2425;2326;632
2425;1;13;27;149;111;1862
149;1;14;2425;646;472;1131
646;1;15;149;1236;1338;2489
1236;1;16;646;1193;2412;770
1193;1;17;1236;1781;1001;340
1781;1;18;1193;478;1334;879
478;1;19;1781;1371;1061;1569
1371;1;20;478;1661;2460;22
1661;1;21;1371;1818;1705;1955
1818;1;22;1661;696;2443;1188
696;1;23;1818;2327;2286;556
2327;1;24;696;1184;80;1836
1184;1;25;2327;1045;84;2330
1045;1;26;1184;1404;1443;2403
1404;1;27;1045;1234;520;1700
1234;1;28;1404;758;1058;316
758;1;29;1234;433;1014;672
433;1;30;758;1847;1778;1154
1847;1;31;433;793;1534;839
793;1;32;1847;857;1411;1632
857;1;33;793;868;510;1906
868;1;34;857;1283;1905;238
1283;1;35;868;2400;195;1897
2400;1;36;1283;1671;2325;601
1671;1;37;2400;1954;909;1428
1954;1;38;1671;2297;351;2023
2297;1;39;1954;119;698;2047
119;1;40;2297;189;1420;1354
189;1;41;119;427;610;2480
427;1;42;189;1156;2485;97
1156;1;43;427;1119;1487;1403
1119;1;44;1156;280;943;1762
280;1;45;1119;33;913;2116
33;1;46;280;190;576;2033
190;1;47;33;451;604;1445
451;1;48;190;2300;714;864
2300;1;49;451;0;314;938
1094;2;0;0;1908;1746;1592
1908;2;1;1094;606;2049;2136
606;2;2;1908;1000;2365;1134
1000;2;3;606;48;1962;1284
48;2;4;1000;446;2125;1980
446;2;5;48;458;1543;518
458;2;6;446;1951;1335;1084
1951;2;7;458;2013;2055;579
2013;2;8;1951;1977;151;737
1977;2;9;2013;2001;932;1546
2001;2;10;1977;1670;179;1081
1670;2;11;2001;632;2063;831
632;2;12;1670;1862;27;1293
1862;2;13;632;1131;2425;1468
1131;2;14;1862;2489;149;2039
2489;2;15;1131;770;646;1005
770;2;16;2489;340;1236;1301
340;2;17;770;879;1193;2484
879;2;18;340;1569;1781;812
1569;2;19;879;22;478;1831
22;2;20;1569;1955;1371;755
1955;2;21;22;1188;1661;1879
1188;2;22;1955;556;1818;1807
556;2;23;1188;1836;696;2222
1836;2;24;556;2330;2327;1290
2330;2;25;1836;2403;1184;1575
2403;2;26;2330;1700;1045;2172
1700;2;27;2403;316;1404;792
316;2;28;1700;672;1234;281
672;2;29;316;1154;758;413
1154;2;30;672;839;433;1627
839;2;31;1154;1632;1847;558
1632;2;32;839;1906;793;2180
1906;2;33;1632;238;857;1149
238;2;34;1906;1897;868;759
1897;2;35;238;601;1283;952
601;2;36;1897;1428;2400;796
1428;2;37;601;2023;1671;1116
2023;2;38;1428;2047;1954;1022
2047;2;39;2023;1354;2297;1055
1354;2;40;2047;2480;119;1868
2480;2;41;1354;97;189;2287
97;2;42;2480;1403;427;1614
1403;2;43;97;1762;1156;463
1762;2;44;1403;2116;1119;428
2116;2;45;1762;2033;280;639
2033;2;46;2116;1445;33;1121
1445;2;47;2033;864;190;902
864;2;48;1445;938;451;489
938;2;49;864;0;2300;538
1592;3;0;0;2136;1094;541
2136;3;1;1592;1134;1908;1492
1134;3;2;2136;1284;606;833
1284;3;3;1134;1980;1000;1859
1980;3;4;1284;518;48;1433
518;3;5;1980;1084;446;1015
1084;3;6;518;579;458;1191
579;3;7;1084;737;1951;621
737;3;8;579;1546;2013;2036
1546;3;9;737;1081;1977;28
1081;3;10;1546;831;2001;2070
831;3;11;1081;1293;1670;539
1293;3;12;831;1468;632;2459
1468;3;13;1293;2039;1862;2435
2039;3;14;1468;1005;1131;2200
1005;3;15;2039;1301;2489;735
1301;3;16;1005;2484;770;1531
2484;3;17;1301;812;340;2061
812;3;18;2484;1831;879;75
1831;3;19;812;755;1569;2138
755;3;20;1831;1879;22;1069
1879;3;21;755;1807;1955;870
1807;3;22;1879;2222;1188;2363
2222;3;23;1807;1290;556;2
1290;3;24;2222;1575;1836;1362
1575;3;25;1290;2172;2330;2171
2172;3;26;1575;792;2403;763
792;3;27;2172;281;1700;1209
281;3;28;792;413;316;1062
413;3;29;281;1627;672;1584
1627;3;30;413;558;1154;1874
558;3;31;1627;2180;839;102
2180;3;32;558;1149;1632;930
1149;3;33;2180;759;1906;2104
759;3;34;1149;952;238;656
952;3;35;759;796;1897;1932
796;3;36;952;1116;601;2375
1116;3;37;796;1022;1428;1086
1022;3;38;1116;1055;2023;2457
1055;3;39;1022;1868;2047;360
1868;3;40;1055;2287;1354;2057
2287;3;41;1868;1614;2480;1125
1614;3;42;2287;463;97;2431
463;3;43;1614;428;1403;1917
428;3;44;463;639;1762;1518
639;3;45;428;1121;2116;2307
1121;3;46;639;902;2033;1343
902;3;47;1121;489;1445;328
489;3;48;902;538;864;2447
538;3;49;489;0;938;45
541;4;0;0;1492;1592;2017
1492;4;1;541;833;2136;612
833;4;2;1492;1859;1134;51
1859;4;3;833;1433;1284;344
1433;4;4;1859;1015;1980;736
1015;4;5;1433;1191;518;2040
1191;4;6;1015;621;1084;2356
621;4;7;1191;2036;579;1200
2036;4;8;621;28;737;56
28;4;9;2036;2070;1546;2494
2070;4;10;28;539;1081;1564
539;4;11;2070;2459;831;1363
2459;4;12;539;2435;1293;1225
2435;4;13;2459;2200;1468;2404
2200;4;14;2435;735;2039;1946
735;4;15;2200;1531;1005;845
1531;4;16;735;2061;1301;799
2061;4;17;1531;75;2484;1415
75;4;18;2061;2138;812;843
2138;4;19;75;1069;1831;1025
1069;4;20;2138;870;755;1202
870;4;21;1069;2363;1879;545
2363;4;22;870;2;1807;1747
2;4;23;2363;1362;2222;475
1362;4;24;2;2171;1290;440
2171;4;25;1362;763;1575;1400
763;4;26;2171;1209;2172;216
1209;4;27;763;1062;792;2421
1062;4;28;1209;1584;281;732
1584;4;29;1062;1874;413;254
1874;4;30;1584;102;1627;1520
102;4;31;1874;930;558;2446
930;4;32;102;2104;2180;2148
2104;4;33;930;656;1149;2048
656;4;34;2104;1932;759;2133
1932;4;35;656;2375;952;404
2375;4;36;1932;1086;796;1367
1086;4;37;2375;2457;1116;801
2457;4;38;1086;360;1022;2467
360;4;39;2457;2057;1055;2426
2057;4;40;360;1125;1868;821
1125;4;41;2057;2431;2287;1136
2431;4;42;1125;1917;1614;1314
1917;4;43;2431;1518;463;1726
1518;4;44;1917;2307;428;552
2307;4;45;1518;1343;639;1257
1343;4;46;2307;328;1121;838
328;4;47;1343;2447;902;2000
2447;4;48;328;45;489;79
45;4;49;2447;0;538;778
2017;5;0;0;612;541;207
612;5;1;2017;51;1492;1526
51;5;2;612;344;833;322
344;5;3;51;736;1859;290
736;5;4;344;2040;1433;2360
2040;5;5;736;2356;1015;1165
2356;5;6;2040;1200;1191;425
1200;5;7;2356;56;621;960
56;5;8;1200;2494;2036;39
2494;5;9;56;1564;28;1020
1564;5;10;2494;1363;2070;2256
1363;5;11;1564;1225;539;1387
1225;5;12;1363;2404;2459;2311
2404;5;13;1225;1946;2435;62
1946;5;14;2404;845;2200;525
845;5;15;1946;799;735;198
799;5;16;845;1415;1531;1634
1415;5;17;799;843;2061;2123
843;5;18;1415;1025;75;2154
1025;5;19;843;1202;2138;2068
1202;5;20;1025;545;1069;1742
545;5;21;1202;1747;870;2078
1747;5;22;545;475;2363;1067
475;5;23;1747;440;2;2117
440;5;24;475;1400;1362;1470
1400;5;25;440;216;2171;695
216;5;26;1400;2421;763;1895
2421;5;27;216;732;1209;807
732;5;28;2421;254;1062;717
254;5;29;732;1520;1584;1865
1520;5;30;254;2446;1874;597
2446;5;31;1520;2148;102;1212
2148;5;32;2446;2048;930;2106
2048;5;33;2148;2133;2104;654
2133;5;34;2048;404;656;900
404;5;35;2133;1367;1932;1694
1367;5;36;404;801;2375;1196
801;5;37;1367;2467;1086;2312
2467;5;38;801;2426;2457;835
2426;5;39;2467;821;360;263
821;5;40;2426;1136;2057;225
1136;5;41;821;1314;1125;1789
1314;5;42;1136;1726;2431;2470
1726;5;43;1314;552;1917;2250
552;5;44;1726;1257;1518;2265
1257;5;45;552;838;2307;2205
838;5;46;1257;2000;1343;1533
2000;5;47;838;79;328;561
79;5;48;2000;778;2447;1858
778;5;49;79;0;45;877
207;6;0;0;1526;2017;2118
1526;6;1;207;322;612;44
322;6;2;1526;290;51;872
290;6;3;322;2360;344;1786
2360;6;4;290;1165;736;889
1165;6;5;2360;425;2040;338
425;6;6;1165;960;2356;74
960;6;7;425;39;1200;384
39;6;8;960;1020;56;336
1020;6;9;39;2256;2494;844
2256;6;10;1020;1387;1564;640
1387;6;11;2256;2311;1363;1596
2311;6;12;1387;62;1225;1916
62;6;13;2311;525;2404;375
525;6;14;62;198;1946;1790
198;6;15;525;1634;845;865
1634;6;16;198;2123;799;1788
2123;6;17;1634;2154;1415;600
2154;6;18;2123;2068;843;1047
2068;6;19;2154;1742;1025;963
1742;6;20;2068;2078;1202;670
2078;6;21;1742;1067;545;1737
1067;6;22;2078;2117;1747;1454
2117;6;23;1067;1470;475;1330
1470;6;24;2117;695;440;1011
695;6;25;1470;1895;1400;1804
1895;6;26;695;807;216;89
807;6;27;1895;717;2421;1440
717;6;28;807;1865;732;105
1865;6;29;717;597;254;419
597;6;30;1865;1212;1520;417
1212;6;31;597;2106;2446;1779
2106;6;32;1212;654;2148;548
654;6;33;2106;900;2048;1249
900;6;34;654;1694;2133;454
1694;6;35;900;1196;404;2162
1196;6;36;1694;2312;1367;359
2312;6;37;1196;835;801;204
835;6;38;2312;263;2467;928
263;6;39;835;225;2426;1370
225;6;40;263;1789;821;2198
1789;6;41;225;2470;1136;1018
2470;6;42;1789;2250;1314;1915
2250;6;43;2470;2265;1726;68
2265;6;44;2250;2205;552;1064
2205;6;45;2265;1533;1257;896
1533;6;46;2205;561;838;972
561;6;47;1533;1858;2000;2016
1858;6;48;561;877;79;929
877;6;49;1858;0;778;1176
2118;7;0;0;44;207;2415
44;7;1;2118;872;1526;1752
872;7;2;44;1786;322;1706
1786;7;3;872;889;290;2227
889;7;4;1786;338;2360;2292
338;7;5;889;74;1165;1761
74;7;6;338;384;425;1421
384;7;7;74;336;960;109
336;7;8;384;844;39;465
844;7;9;336;640;1020;1715
640;7;10;844;1596;2256;757
1596;7;11;640;1916;1387;577
1916;7;12;1596;375;2311;2442
375;7;13;1916;1790;62;2367
1790;7;14;375;865;525;1340
865;7;15;1790;1788;198;86
1788;7;16;865;600;1634;752
600;7;17;1788;1047;2123;1144
1047;7;18;600;963;2154;682
963;7;19;1047;670;2068;787
670;7;20;963;1737;1742;76
1737;7;21;670;1454;2078;1199
1454;7;22;1737;1330;1067;803
1330;7;23;1454;1011;2117;806
1011;7;24;1330;1804;1470;453
1804;7;25;1011;89;695;653
89;7;26;1804;1440;1895;125
1440;7;27;89;105;807;270
105;7;28;1440;419;717;897
419;7;29;105;417;1865;989
417;7;30;419;1779;597;2441
1779;7;31;417;548;1212;2176
548;7;32;1779;1249;2106;1689
1249;7;33;548;454;654;1969
454;7;34;1249;2162;900;464
2162;7;35;454;359;1694;2267
359;7;36;2162;204;1196;563
204;7;37;359;928;2312;1337
928;7;38;204;1370;835;1524
1370;7;39;928;2198;263;1645
2198;7;40;1370;1018;225;104
1018;7;41;2198;1915;1789;388
1915;7;42;1018;68;2470;580
68;7;43;1915;1064;2250;272
1064;7;44;68;896;2265;1608
896;7;45;1064;972;2205;131
972;7;46;896;2016;1533;974
2016;7;47;972;929;561;2413
929;7;48;2016;1176;1858;570
1176;7;49;929;0;877;514
2415;8;0;0;1752;2118;1019
1752;8;1;2415;1706;44;2352
1706;8;2;1752;2227;872;2298
2227;8;3;1706;2292;1786;133
2292;8;4;2227;1761;889;527
1761;8;5;2292;1421;338;1500
1421;8;6;1761;109;74;2098
109;8;7;1421;465;384;1355
465;8;8;109;1715;336;891
1715;8;9;465;757;844;1881
757;8;10;1715;577;640;1958
577;8;11;757;2442;1596;95
2442;8;12;577;2367;1916;85
2367;8;13;2442;1340;375;958
1340;8;14;2367;86;1790;1210
86;8;15;1340;752;865;762
752;8;16;86;1144;1788;964
1144;8;17;752;682;600;749
682;8;18;1144;787;1047;452
787;8;19;682;76;963;1591
76;8;20;787;1199;670;984
1199;8;21;76;803;1737;1621
803;8;22;1199;806;1454;1964
806;8;23;803;453;1330;699
453;8;24;806;653;1011;1384
653;8;25;453;125;1804;292
125;8;26;653;270;89;1900
270;8;27;125;897;1440;342
897;8;28;270;989;105;1624
989;8;29;897;2441;419;2319
2441;8;30;989;2176;417;1448
2176;8;31;2441;1689;1779;1939
1689;8;32;2176;1969;548;498
1969;8;33;1689;464;1249;1943
464;8;34;1969;2267;454;1021
2267;8;35;464;563;2162;2074
563;8;36;2267;1337;359;1622
1337;8;37;563;1524;204;2310
1524;8;38;1337;1645;928;423
1645;8;39;1524;104;1370;1112
104;8;40;1645;388;2198;1935
388;8;41;104;580;1018;1672
580;8;42;388;272;1915;1936
272;8;43;580;1608;68;1247
1608;8;44;272;131;1064;499
131;8;45;1608;974;896;690
974;8;46;131;2413;972;2076
2413;8;47;974;570;2016;1333
570;8;48;2413;514;929;2339
514;8;49;570;0;1176;1619
1019;9;0;0;2352;2415;1901
2352;9;1;1019;2298;1752;834
2298;9;2;2352;133;1706;708
133;9;3;2298;527;2227;1986
527;9;4;133;1500;2292;2273
1500;9;5;527;2098;1761;246
2098;9;6;1500;1355;1421;1787
1355;9;7;2098;891;109;526
891;9;8;1355;1881;465;469
1881;9;9;891;1958;1715;603
1958;9;10;1881;95;757;788
95;9;11;1958;85;577;1339
85;9;12;95;958;2442;1068
958;9;13;85;1210;2367;581
1210;9;14;958;762;1340;371
762;9;15;1210;964;86;1181
964;9;16;762;749;752;2445
749;9;17;964;452;1144;1205
452;9;18;749;1591;682;1310
1591;9;19;452;984;787;2082
984;9;20;1591;1621;76;997
1621;9;21;984;1964;1199;202
1964;9;22;1621;699;803;975
699;9;23;1964;1384;806;2004
1384;9;24;699;292;453;859
292;9;25;1384;1900;653;507
1900;9;26;292;342;125;152
342;9;27;1900;1624;270;26
1624;9;28;342;2319;897;1635
2319;9;29;1624;1448;989;1892
1448;9;30;2319;1939;2441;1274
1939;9;31;1448;498;2176;2108
498;9;32;1939;1943;1689;1927
1943;9;33;498;1021;1969;980
1021;9;34;1943;2074;464;1446
2074;9;35;1021;1622;2267;2429
1622;9;36;2074;2310;563;8
2310;9;37;1622;423;1337;942
423;9;38;2310;1112;1524;2440
1112;9;39;423;1935;1645;449
1935;9;40;1112;1672;104;67
1672;9;41;1935;1936;388;352
1936;9;42;1672;1247;580;1741
1247;9;43;1936;499;272;181
499;9;44;1247;690;1608;1447
690;9;45;499;2076;131;789
2076;9;46;690;1333;974;1782
1333;9;47;2076;2339;2413;386
2339;9;48;1333;1619;570;1095
1619;9;49;2339;0;514;1567
1901;10;0;0;834;1019;1871
834;10;1;1901;708;2352;101
708;10;2;834;1986;2298;1589
1986;10;3;708;2273;133;1573
2273;10;4;1986;246;527;1219
246;10;5;2273;1787;1500;460
1787;10;6;246;526;2098;2071
526;10;7;1787;469;1355;1138
469;10;8;526;603;891;255
603;10;9;469;788;1881;1690
788;10;10;603;1339;1958;1395
1339;10;11;788;1068;95;2291
1068;10;12;1339;581;85;305
581;10;13;1068;371;958;285
371;10;14;581;1181;1210;623
1181;10;15;371;2445;762;1380
2445;10;16;1181;1205;964;457
1205;10;17;2445;1310;749;1512
1310;10;18;1205;2082;452;1922
2082;10;19;1310;997;1591;1667
997;10;20;2082;202;984;704
202;10;21;997;975;1621;827
975;10;22;202;2004;1964;505
2004;10;23;975;859;699;2448
859;10;24;2004;507;1384;618
507;10;25;859;152;292;177
152;10;26;507;26;1900;2107
26;10;27;152;1635;342;934
1635;10;28;26;1892;1624;1821
1892;10;29;1635;1274;2319;1496
1274;10;30;1892;2108;1448;1713
2108;10;31;1274;1927;1939;482
1927;10;32;2108;980;498;223
980;10;33;1927;1446;1943;1856
1446;10;34;980;2429;1021;948
2429;10;35;1446;8;2074;187
8;10;36;2429;942;1622;2411
942;10;37;8;2440;2310;1803
2440;10;38;942;449;423;1570
449;10;39;2440;67;1112;1213
67;10;40;449;352;1935;1075
352;10;41;67;1741;1672;418
1741;10;42;352;181;1936;304
181;10;43;1741;1447;1247;1557
1447;10;44;181;789;499;347
789;10;45;1447;1782;690;1416
1782;10;46;789;386;2076;848
386;10;47;1782;1095;1333;176
1095;10;48;386;1567;2339;1132
1567;10;49;1095;0;1619;703
1871;11;0;0;101;1901;2335
101;11;1;1871;1589;834;357
1589;11;2;101;1573;708;1605
1573;11;3;1589;1219;1986;459
1219;11;4;1573;460;2273;71
460;11;5;1219;2071;246;1978
2071;11;6;460;1138;1787;1297
1138;11;7;2071;255;526;229
255;11;8;1138;1690;469;274
1690;11;9;255;1395;603;2095
1395;11;10;1690;2291;788;2266
2291;11;11;1395;305;1339;2064
305;11;12;2291;285;1068;2209
285;11;13;305;623;581;608
623;11;14;285;1380;371;1877
1380;11;15;623;457;1181;77
457;11;16;1380;1512;2445;2216
1512;11;17;457;1922;1205;1344
1922;11;18;1512;1667;1310;341
1667;11;19;1922;704;2082;1163
704;11;20;1667;827;997;587
827;11;21;704;505;202;1376
505;11;22;827;2448;975;1722
2448;11;23;505;618;2004;2239
618;11;24;2448;177;859;648
177;11;25;618;2107;507;1648
2107;11;26;177;934;152;968
934;11;27;2107;1821;26;866
1821;11;28;934;1496;1635;1907
1496;11;29;1821;1713;1892;1668
1713;11;30;1496;482;1274;2288
482;11;31;1713;223;2108;694
223;11;32;482;1856;1927;1474
1856;11;33;223;948;980;774
948;11;34;1856;187;1446;348
187;11;35;948;2411;2429;1702
2411;11;36;187;1803;8;1791
1803;11;37;2411;1570;942;976
1570;11;38;1803;1213;2440;1987
1213;11;39;1570;1075;449;817
1075;11;40;1213;418;67;2080
418;11;41;1075;304;352;1701
304;11;42;418;1557;1741;1838
1557;11;43;304;347;181;424
347;11;44;1557;1416;1447;2295
1416;11;45;347;848;789;1904
848;11;46;1416;176;1782;2388
176;11;47;848;1132;386;214
1132;11;48;176;703;1095;2224
703;11;49;1132;0;1567;1793
2335;12;0;0;357;1871;2271
357;12;1;2335;1605;101;1364
1605;12;2;357;459;1589;743
459;12;3;1605;71;1573;1414
71;12;4;459;1978;1219;1948
1978;12;5;71;1297;460;409
1297;12;6;1978;229;2071;445
229;12;7;1297;274;1138;91
274;12;8;229;2095;255;730
2095;12;9;274;2266;1690;771
2266;12;10;2095;2064;1395;1048
2064;12;11;2266;2209;2291;3
2209;12;12;2064;608;305;1427
608;12;13;2209;1877;285;740
1877;12;14;608;77;623;1491
77;12;15;1877;2216;1380;1652
2216;12;16;77;1344;457;605
1344;12;17;2216;341;1512;1394
341;12;18;1344;1163;1922;986
1163;12;19;341;587;1667;2233
587;12;20;1163;1376;704;1267
1376;12;21;587;1722;827;876
1722;12;22;1376;2239;505;1861
2239;12;23;1722;648;2448;1262
648;12;24;2239;1648;618;1003
1648;12;25;648;968;177;1731
968;12;26;1648;866;2107;910
866;12;27;968;1907;934;2347
1907;12;28;866;1668;1821;1930
1668;12;29;1907;2288;1496;99
2288;12;30;1668;694;1713;2005
694;12;31;2288;1474;482;673
1474;12;32;694;774;223;687
774;12;33;1474;348;1856;1928
348;12;34;774;1702;948;461
1702;12;35;348;1791;187;675
1791;12;36;1702;976;2411;1449
976;12;37;1791;1987;1803;2043
1987;12;38;976;817;1570;1407
817;12;39;1987;2080;1213;1405
2080;12;40;817;1701;1075;232
1701;12;41;2080;1838;418;2274
1838;12;42;1701;424;304;924
424;12;43;1838;2295;1557;742
2295;12;44;424;1904;347;1853
1904;12;45;2295;2388;1416;1933
2388;12;46;1904;214;848;1117
214;12;47;2388;2224;176;2313
2224;12;48;214;1793;1132;636
1793;12;49;2224;0;703;2261
2271;13;0;0;1364;2335;1758
1364;13;1;2271;743;357;2191
743;13;2;1364;1414;1605;486
1414;13;3;743;1948;459;966
1948;13;4;1414;409;71;1717
409;13;5;1948;445;1978;1074
445;13;6;409;91;1297;1171
91;13;7;445;730;229;1674
730;13;8;91;771;274;624
771;13;9;730;1048;2095;2066
1048;13;10;771;3;2266;415
3;13;11;1048;1427;2064;536
1427;13;12;3;740;2209;462
740;13;13;1427;1491;608;468
1491;13;14;740;1652;1877;2369
1652;13;15;1491;605;77;333
605;13;16;1652;1394;2216;2045
1394;13;17;605;986;1344;923
986;13;18;1394;2233;341;1044
2233;13;19;986;1267;1163;2249
1267;13;20;2233;876;587;940
876;13;21;1267;1861;1376;2473
1861;13;22;876;1262;1722;2280
1262;13;23;1861;1003;2239;2299
1003;13;24;1262;1731;648;990
1731;13;25;1003;910;1648;1148
910;13;26;1731;2347;968;1594
2347;13;27;910;1930;866;595
1930;13;28;2347;99;1907;2329
99;13;29;1930;2005;1668;1682
2005;13;30;99;673;2288;2368
673;13;31;2005;687;694;1079
687;13;32;673;1928;1474;350
1928;13;33;687;461;774;1113
461;13;34;1928;675;348;2333
675;13;35;461;1449;1702;2254
1449;13;36;675;2043;1791;1777
2043;13;37;1449;1407;976;2439
1407;13;38;2043;1405;1987;1827
1405;13;39;1407;232;817;511
232;13;40;1405;2274;2080;2145
2274;13;41;232;924;1701;1631
924;13;42;2274;742;1838;366
742;13;43;924;1853;424;568
1853;13;44;742;1933;2295;1137
1933;13;45;1853;1117;1904;666
1117;13;46;1933;2313;2388;2163
2313;13;47;1117;636;214;1009
636;13;48;2313;2261;2224;641
2261;13;49;636;0;1793;16
1758;14;0;0;2191;2271;2008
2191;14;1;1758;486;1364;1424
486;14;2;2191;966;743;1032
966;14;3;486;1717;1414;107
1717;14;4;966;1074;1948;159
1074;14;5;1717;1171;409;906
1171;14;6;1074;1674;445;1890
1674;14;7;1171;624;91;1607
624;14;8;1674;2066;730;830
2066;14;9;624;415;771;2244
415;14;10;2066;536;1048;2436
536;14;11;415;462;3;1220
462;14;12;536;468;1427;2103
468;14;13;462;2369;740;241
2369;14;14;468;333;1491;1981
333;14;15;2369;2045;1652;634
2045;14;16;333;923;605;1175
923;14;17;2045;1044;1394;483
1044;14;18;923;2249;986;1097
2249;14;19;1044;940;2233;1182
940;14;20;2249;2473;1267;688
2473;14;21;940;2280;876;394
2280;14;22;2473;2299;1861;1845
2299;14;23;2280;990;1262;2065
990;14;24;2299;1148;1003;945
1148;14;25;990;1594;1731;594
1594;14;26;1148;595;910;1248
595;14;27;1594;2329;2347;1577
2329;14;28;595;1682;1930;965
1682;14;29;2329;2368;99;1712
2368;14;30;1682;1079;2005;2407
1079;14;31;2368;350;673;276
350;14;32;1079;1113;687;622
1113;14;33;350;2333;1928;160
2333;14;34;1113;2254;461;1453
2254;14;35;2333;1777;675;1829
1777;14;36;2254;2439;1449;94
2439;14;37;1777;1827;2043;2481
1827;14;38;2439;511;1407;2056
511;14;39;1827;2145;1405;1229
2145;14;40;511;1631;232;1508
1631;14;41;2145;366;2274;2147
366;14;42;1631;568;924;487
568;14;43;366;1137;742;2169
1137;14;44;568;666;1853;1052
666;14;45;1137;2163;1933;2444
2163;14;46;666;1009;1117;593
1009;14;47;2163;641;2313;2393
641;14;48;1009;16;636;2210
16;14;49;641;0;2261;2264
2008;15;0;0;1424;1758;1971
1424;15;1;2008;1032;2191;87
1032;15;2;1424;107;486;1315
107;15;3;1032;159;966;47
159;15;4;107;906;1717;1239
906;15;5;159;1890;1074;142
1890;15;6;906;1607;1171;602
1607;15;7;1890;830;1674;1710
830;15;8;1607;2244;624;1885
2244;15;9;830;2436;2066;2140
2436;15;10;2244;1220;415;1365
1220;15;11;2436;2103;536;1771
2103;15;12;1220;241;462;249
241;15;13;2103;1981;468;820
1981;15;14;241;634;2369;1320
634;15;15;1981;1175;333;1280
1175;15;16;634;483;2045;1270
483;15;17;1175;1097;923;1464
1097;15;18;483;1182;1044;59
1182;15;19;1097;688;2249;1385
688;15;20;1182;394;940;764
394;15;21;688;1845;2473;544
1845;15;22;394;2065;2280;1227
2065;15;23;1845;945;2299;2083
945;15;24;2065;594;990;1733
594;15;25;945;1248;1148;2010
1248;15;26;594;1577;1594;592
1577;15;27;1248;965;595;2252
965;15;28;1577;1712;2329;1082
1712;15;29;965;2407;1682;1091
2407;15;30;1712;276;2368;196
276;15;31;2407;622;1079;38
622;15;32;276;160;350;1813
160;15;33;622;1453;1113;2206
1453;15;34;160;1829;2333;2131
1829;15;35;1453;94;2254;1498
94;15;36;1829;2481;1777;551
2481;15;37;94;2056;2439;2237
2056;15;38;2481;1229;1827;6
1229;15;39;2056;1508;511;1736
1508;15;40;1229;2147;2145;2067
2147;15;41;1508;487;1631;773
487;15;42;2147;2169;366;41
2169;15;43;487;1052;568;370
1052;15;44;2169;2444;1137;1211
2444;15;45;1052;593;666;1437
593;15;46;2444;2393;2163;488
2393;15;47;593;2210;1009;335
2210;15;48;2393;2264;641;1158
2264;15;49;2210;0;16;1766
1971;16;0;0;87;2008;667
87;16;1;1971;1315;1424;633
1315;16;2;87;47;1032;722
47;16;3;1315;1239;107;2075
1239;16;4;47;142;159;1482
142;16;5;1239;602;906;1925
602;16;6;142;1710;1890;2453
1710;16;7;602;1885;1607;1412
1885;16;8;1710;2140;830;302
2140;16;9;1885;1365;2244;1579
1365;16;10;2140;1771;2436;296
1771;16;11;1365;249;1220;1695
249;16;12;1771;820;2103;1060
820;16;13;249;1320;241;1345
1320;16;14;820;1280;1981;1146
1280;16;15;1320;1270;634;1616
1270;16;16;1280;1464;1175;2015
1464;16;17;1270;59;483;1331
59;16;18;1464;1385;1097;1513
1385;16;19;59;764;1182;1254
764;16;20;1385;544;688;516
544;16;21;764;1227;394;12
1227;16;22;544;2083;1845;1604
2083;16;23;1227;1733;2065;1641
1733;16;24;2083;2010;945;1341
2010;16;25;1733;592;594;1360
592;16;26;2010;2252;1248;754
2252;16;27;592;1082;1577;1083
1082;16;28;2252;1091;965;1167
1091;16;29;1082;196;1712;933
196;16;30;1091;38;2407;1985
38;16;31;196;1813;276;267
1813;16;32;38;2206;622;1221
2206;16;33;1813;2131;160;2193
2131;16;34;2206;1498;1453;1475
1498;16;35;2131;551;1829;1572
551;16;36;1498;2237;94;1024
2237;16;37;551;6;2481;549
6;16;38;2237;1736;2056;126
1736;16;39;6;2067;1229;987
2067;16;40;1736;773;1508;1230
773;16;41;2067;41;2147;120
41;16;42;773;370;487;2158
370;16;43;41;1211;2169;895
1211;16;44;370;1437;1052;169
1437;16;45;1211;488;2444;1452
488;16;46;1437;335;593;2255
335;16;47;488;1158;2393;1120
1158;16;48;335;1766;2210;2364
1766;16;49;1158;0;2264;1923
667;17;0;0;633;1971;2383
633;17;1;667;722;87;2204
722;17;2;633;2075;1315;961
2075;17;3;722;1482;47;2386
1482;17;4;2075;1925;1239;710
1925;17;5;1482;2453;142;1749
2453;17;6;1925;1412;602;1277
1412;17;7;2453;302;1710;2156
302;17;8;1412;1579;1885;157
1579;17;9;302;296;2140;2277
296;17;10;1579;1695;1365;685
1695;17;11;296;1060;1771;2030
1060;17;12;1695;1345;249;364
1345;17;13;1060;1146;820;719
1146;17;14;1345;1616;1320;247
1616;17;15;1146;2015;1280;2487
2015;17;16;1616;1331;1270;2465
1331;17;17;2015;1513;1464;245
1513;17;18;1331;1254;59;2262
1254;17;19;1513;516;1385;1494
516;17;20;1254;12;764;2028
12;17;21;516;1604;544;1034
1604;17;22;12;1641;1227;1357
1641;17;23;1604;1341;2083;81
1341;17;24;1641;1360;1733;217
1360;17;25;1341;754;2010;1505
754;17;26;1360;1083;592;2184
1083;17;27;754;1167;2252;1924
1167;17;28;1083;933;1082;1243
933;17;29;1167;1985;1091;358
1985;17;30;933;267;196;1013
267;17;31;1985;1221;38;818
1221;17;32;267;2193;1813;2382
2193;17;33;1221;1475;2206;2419
1475;17;34;2193;1572;2131;2228
1572;17;35;1475;1024;1498;1571
1024;17;36;1572;549;551;1909
549;17;37;1024;126;2237;1699
126;17;38;549;987;6;64
987;17;39;126;1230;1736;484
1230;17;40;987;120;2067;1975
120;17;41;1230;2158;773;797
2158;17;42;120;895;41;1681
895;17;43;2158;169;370;951
169;17;44;895;1452;1211;1106
1452;17;45;169;2255;1437;1294
2255;17;46;1452;1120;488;2046
1120;17;47;2255;2364;335;1327
2364;17;48;1120;1923;1158;926
1923;17;49;2364;0;1766;2296
2383;18;0;0;2204;667;1063
2204;18;1;2383;961;633;1495
961;18;2;2204;2386;722;1566
2386;18;3;961;710;2075;2371
710;18;4;2386;1749;1482;2220
1749;18;5;710;1277;1925;343
1277;18;6;1749;2156;2453;1035
2156;18;7;1277;157;1412;512
157;18;8;2156;2277;302;1031
2277;18;9;157;685;1579;2031
685;18;10;2277;2030;296;571
2030;18;11;685;364;1695;2499
364;18;12;2030;719;1060;1995
719;18;13;364;247;1345;631
247;18;14;719;2487;1146;777
2487;18;15;247;2465;1616;1455
2465;18;16;2487;245;2015;542
245;18;17;2465;2262;1331;1108
2262;18;18;245;1494;1513;277
1494;18;19;2262;2028;1254;767
2028;18;20;1494;1034;516;1768
1034;18;21;2028;1357;12;2238
1357;18;22;1034;81;1604;363
81;18;23;1357;217;1641;2497
217;18;24;81;1505;1341;175
1505;18;25;217;2184;1360;2018
2184;18;26;1505;1924;754;313
1924;18;27;2184;1243;1083;1332
1243;18;28;1924;358;1167;167
358;18;29;1243;1013;933;1050
1013;18;30;358;818;1985;596
818;18;31;1013;2382;267;1918
2382;18;32;818;2419;1221;4
2419;18;33;2382;2228;2193;626
2228;18;34;2419;1571;1475;2139
1571;18;35;2228;1909;1572;1302
1909;18;36;1571;1699;1024;2477
1699;18;37;1909;64;549;2468
64;18;38;1699;484;126;1841
484;18;39;64;1975;987;1704
1975;18;40;484;797;1230;143
797;18;41;1975;1681;120;467
1681;18;42;797;951;2158;391
951;18;43;1681;1106;895;566
1106;18;44;951;1294;169;1170
1294;18;45;1106;2046;1452;1738
2046;18;46;1294;1327;2255;1122
1327;18;47;2046;926;1120;1528
926;18;48;1327;2296;2364;429
2296;18;49;926;0;1923;1269
1063;19;0;0;1495;2383;2089
1495;19;1;1063;1566;2204;1466
1566;19;2;1495;2371;961;365
2371;19;3;1566;2220;2386;1574
2220;19;4;2371;343;710;293
343;19;5;2220;1035;1749;598
1035;19;6;343;512;1277;893
512;19;7;1035;1031;2156;1214
1031;19;8;512;2031;157;1620
2031;19;9;1031;571;2277;1002
571;19;10;2031;2499;685;5
2499;19;11;571;1995;2030;643
1995;19;12;2499;631;364;2146
631;19;13;1995;777;719;1490
777;19;14;631;1455;247;235
1455;19;15;777;542;2487;2318
542;19;16;1455;1108;2465;2247
1108;19;17;542;277;245;2006
277;19;18;1108;767;2262;1537
767;19;19;277;1768;1494;1268
1768;19;20;767;2238;2028;1637
2238;19;21;1768;363;1034;2002
363;19;22;2238;2497;1357;2100
2497;19;23;363;175;81;1800
175;19;24;2497;2018;217;2129
2018;19;25;175;313;1505;2246
313;19;26;2018;1332;2184;256
1332;19;27;313;167;1924;1849
167;19;28;1332;1050;1243;124
1050;19;29;167;596;358;822
596;19;30;1050;1918;1013;2377
1918;19;31;596;4;818;2396
4;19;32;1918;626;2382;850
626;19;33;4;2139;2419;2073
2139;19;34;626;1302;2228;2346
1302;19;35;2139;2477;1571;2458
2477;19;36;1302;2468;1909;82
2468;19;37;2477;1841;1699;2183
1841;19;38;2468;1704;64;927
1704;19;39;1841;143;484;1336
143;19;40;1704;467;1975;1096
467;19;41;143;391;797;1884
391;19;42;467;566;1681;2120
566;19;43;391;1170;951;2289
1170;19;44;566;1738;1106;1870
1738;19;45;1170;1122;1294;2317
1122;19;46;1738;1528;2046;554
1528;19;47;1122;429;1327;1808
429;19;48;1528;1269;926;2343
1269;19;49;429;0;2296;2381
2089;20;0;0;1466;1063;2110
1466;20;1;2089;365;1495;1377
365;20;2;1466;1574;1566;586
1574;20;3;365;293;2371;456
293;20;4;1574;598;2220;1842
598;20;5;293;893;343;1882
893;20;6;598;1214;1035;652
1214;20;7;893;1620;512;15
1620;20;8;1214;1002;1031;215
1002;20;9;1620;5;2031;782
5;20;10;1002;643;571;941
643;20;11;5;2146;2499;1303
2146;20;12;643;1490;1995;1369
1490;20;13;2146;235;631;2283
235;20;14;1490;2318;777;1854
2318;20;15;235;2247;1455;172
2247;20;16;2318;2006;542;2474
2006;20;17;2247;1537;1108;1408
1537;20;18;2006;1268;277;1107
1268;20;19;1537;1637;767;731
1637;20;20;1268;2002;1768;136
2002;20;21;1637;2100;2238;1745
2100;20;22;2002;1800;363;1099
1800;20;23;2100;2129;2497;1483
2129;20;24;1800;2246;175;1186
2246;20;25;2129;256;2018;534
256;20;26;2246;1849;313;2422
1849;20;27;256;124;1332;515
124;20;28;1849;822;167;1179
822;20;29;124;2377;1050;2102
2377;20;30;822;2396;596;2395
2396;20;31;2377;850;1918;1662
850;20;32;2396;2073;4;2038
2073;20;33;850;2346;626;1687
2346;20;34;2073;2458;2139;1029
2458;20;35;2346;82;1302;37
82;20;36;2458;2183;2477;2323
2183;20;37;82;927;2468;809
927;20;38;2183;1336;1841;1660
1336;20;39;927;1096;1704;1160
1096;20;40;1336;1884;143;1582
1884;20;41;1096;2120;467;2149
2120;20;42;1884;2289;391;970
2289;20;43;2120;1870;566;2225
1870;20;44;2289;2317;1170;1597
2317;20;45;1870;554;1738;1912
554;20;46;2317;1808;1122;1515
1808;20;47;554;2343;1528;1478
2343;20;48;1808;2381;429;2498
2381;20;49;2343;0;1269;513
2110;21;0;0;1377;2089;205
1377;21;1;2110;586;1466;959
586;21;2;1377;456;365;1232
456;21;3;586;1842;1574;1970
1842;21;4;456;1882;293;1223
1882;21;5;1842;652;598;320
652;21;6;1882;15;893;474
15;21;7;652;215;1214;1626
215;21;8;15;782;1620;1880
782;21;9;215;941;1002;804
941;21;10;782;1303;5;2121
1303;21;11;941;1369;643;1390
1369;21;12;1303;2283;2146;283
2283;21;13;1369;1854;1490;2236
1854;21;14;2283;172;235;856
172;21;15;1854;2474;2318;1152
2474;21;16;172;1408;2247;258
1408;21;17;2474;1107;2006;550
1107;21;18;1408;731;1537;1078
731;21;19;1107;136;1268;1633
136;21;20;731;1745;1637;546
1745;21;21;136;1099;2002;2417
1099;21;22;1745;1483;2100;1730
1483;21;23;1099;1186;1800;1999
1186;21;24;1483;534;2129;422
534;21;25;1186;2422;2246;669
2422;21;26;534;515;256;1463
515;21;27;2422;1179;1849;289
1179;21;28;515;2102;124;1651
2102;21;29;1179;2395;822;434
2395;21;30;2102;1662;2377;450
1662;21;31;2395;2038;2396;1729
2038;21;32;1662;1687;850;794
1687;21;33;2038;1029;2073;399
1029;21;34;1687;37;2346;1638
37;21;35;1029;2323;2458;1593
2323;21;36;37;809;82;707
809;21;37;2323;1660;2183;250
1660;21;38;809;1160;927;784
1160;21;39;1660;1582;1336;949
1582;21;40;1160;2149;1096;1309
2149;21;41;1582;970;1884;83
970;21;42;2149;2225;2120;1903
2225;21;43;970;1597;2289;2418
1597;21;44;2225;1912;1870;1056
1912;21;45;1597;1515;2317;2475
1515;21;46;1912;1478;554;1010
1478;21;47;1515;2498;1808;1383
2498;21;48;1478;513;2343;619
513;21;49;2498;0;2381;158
205;22;0;0;959;2110;712
959;22;1;205;1232;1377;2304
1232;22;2;959;1970;586;50
1970;22;3;1232;1223;456;1441
1223;22;4;1970;320;1842;2091
320;22;5;1223;474;1882;1057
474;22;6;320;1626;652;1852
1626;22;7;474;1880;15;885
1880;22;8;1626;804;215;2142
804;22;9;1880;2121;782;139
2121;22;10;804;1390;941;1143
1390;22;11;2121;283;1303;981
283;22;12;1390;2236;1369;642
2236;22;13;283;856;2283;1751
856;22;14;2236;1152;1854;2150
1152;22;15;856;258;172;744
258;22;16;1152;550;2474;1727
550;22;17;258;1078;1408;1590
1078;22;18;550;1633;1107;590
1633;22;19;1078;546;731;377
546;22;20;1633;2417;136;2230
2417;22;21;546;1730;1745;92
1730;22;22;2417;1999;1099;1164
1999;22;23;1730;422;1483;1509
422;22;24;1999;669;1186;1750
669;22;25;422;1463;534;983
1463;22;26;669;289;2422;1883
289;22;27;1463;1651;515;1215
1651;22;28;289;434;1179;385
434;22;29;1651;450;2102;880
450;22;30;434;1729;2395;1502
1729;22;31;450;794;1662;1863
794;22;32;1729;399;2038;1488
399;22;33;794;1638;1687;1783
1638;22;34;399;1593;1029;2164
1593;22;35;1638;707;37;2263
707;22;36;1593;250;2323;324
250;22;37;707;784;809;811
784;22;38;250;949;1660;471
949;22;39;784;1309;1160;1914
1309;22;40;949;83;1582;1814
83;22;41;1309;1903;2149;1426
1903;22;42;83;2418;970;573
2418;22;43;1903;1056;2225;2167
1056;22;44;2418;2475;1597;1972
2475;22;45;1056;1010;1912;395
1010;22;46;2475;1383;1515;810
1383;22;47;1010;619;1478;899
619;22;48;1383;158;2498;1830
158;22;49;619;0;513;2213
712;23;0;0;2304;205;1893
2304;23;1;712;50;959;420
50;23;2;2304;1441;1232;668
1441;23;3;50;2091;1970;361
2091;23;4;1441;1057;1223;1375
1057;23;5;2091;1852;320;1894
1852;23;6;1057;885;474;1606
885;23;7;1852;2142;1626;30
2142;23;8;885;139;1880;2007
139;23;9;2142;1143;804;2134
1143;23;10;139;981;2121;1708
981;23;11;1143;642;1390;1265
642;23;12;981;1751;283;613
1751;23;13;642;2150;2236;1266
2150;23;14;1751;744;856;1891
744;23;15;2150;1727;1152;2014
1727;23;16;744;1590;258;523
1590;23;17;1727;590;550;197
590;23;18;1590;377;1078;925
377;23;19;590;2230;1633;1038
2230;23;20;377;92;546;2170
92;23;21;2230;1164;2417;716
1164;23;22;92;1509;1730;1507
1509;23;23;1164;1750;1999;765
1750;23;24;1509;983;422;855
983;23;25;1750;1883;669;1902
1883;23;26;983;1215;1463;387
1215;23;27;1883;385;289;1231
385;23;28;1215;880;1651;61
880;23;29;385;1502;434;1688
1502;23;30;880;1863;450;655
1863;23;31;1502;1488;1729;1222
1488;23;32;1863;1783;794;318
1783;23;33;1488;2164;399;585
2164;23;34;1783;2263;1638;402
2263;23;35;2164;324;1593;574
324;23;36;2263;811;707;1798
811;23;37;324;471;250;2112
471;23;38;811;1914;784;1530
1914;23;39;471;1814;949;828
1814;23;40;1914;1426;1309;529
1426;23;41;1814;573;83;995
573;23;42;1426;2167;1903;251
2167;23;43;573;1972;2418;547
1972;23;44;2167;395;1056;2242
395;23;45;1972;810;2475;750
810;23;46;395;899;1010;178
899;23;47;810;1830;1383;106
1830;23;48;899;2213;619;671
2213;23;49;1830;0;158;867
1893;24;0;0;420;712;1499
420;24;1;1893;668;2304;702
668;24;2;420;361;50;2358
361;24;3;668;1375;1441;2144
1375;24;4;361;1894;2091;2385
1894;24;5;1375;1606;1057;761
1606;24;6;1894;30;1852;1640
30;24;7;1606;2007;885;1286
2007;24;8;30;2134;2142;846
2134;24;9;2007;1708;139;564
1708;24;10;2134;1265;1143;2500
1265;24;11;1708;613;981;150
613;24;12;1265;1266;642;242
1266;24;13;613;1891;1751;1444
1891;24;14;1266;2014;2150;7
2014;24;15;1891;523;744;1989
523;24;16;2014;197;1727;1643
197;24;17;523;925;1590;521
925;24;18;197;1038;590;308
1038;24;19;925;2170;377;1990
2170;24;20;1038;716;2230;2159
716;24;21;2170;1507;92;122
1507;24;22;716;765;1164;186
765;24;23;1507;855;1509;166
855;24;24;765;1902;1750;2257
1902;24;25;855;387;983;1226
387;24;26;1902;1231;1883;288
1231;24;27;387;61;1215;1379
61;24;28;1231;1688;385;1207
1688;24;29;61;655;880;894
655;24;30;1688;1222;1502;2281
1222;24;31;655;318;1863;1806
318;24;32;1222;585;1488;1349
585;24;33;318;402;1783;1252
402;24;34;585;574;2164;962
574;24;35;402;1798;2263;1442
1798;24;36;574;2112;324;2087
2112;24;37;1798;1530;811;2168
1530;24;38;2112;828;471;355
828;24;39;1530;529;1914;888
529;24;40;828;995;1814;1218
995;24;41;529;251;1426;1646
251;24;42;995;547;573;278
547;24;43;251;2242;2167;1352
2242;24;44;547;750;1972;134
750;24;45;2242;178;395;805
178;24;46;750;106;810;532
106;24;47;178;671;899;1216
671;24;48;106;867;1830;345
867;24;49;671;0;2213;508
1499;25;0;0;702;1893;1361
702;25;1;1499;2358;420;1656
2358;25;2;702;2144;668;1920
2144;25;3;2358;2385;361;492
2385;25;4;2144;761;1375;184
761;25;5;2385;1640;1894;967
1640;25;6;761;1286;1606;1088
1286;25;7;1640;846;30;555
846;25;8;1286;564;2007;982
564;25;9;846;2500;2134;1299
2500;25;10;564;150;1708;936
150;25;11;2500;242;1265;1521
242;25;12;150;1444;613;921
1444;25;13;242;7;1266;916
7;25;14;1444;1989;1891;614
1989;25;15;7;1643;2014;1109
1643;25;16;1989;521;523;2359
521;25;17;1643;308;197;146
308;25;18;521;1990;925;627
1990;25;19;308;2159;1038;1304
2159;25;20;1990;122;2170;2428
122;25;21;2159;186;716;2389
186;25;22;122;166;1507;2355
166;25;23;186;2257;765;1245
2257;25;24;166;1226;855;473
1226;25;25;2257;288;1902;1189
288;25;26;1226;1379;387;201
1379;25;27;288;1207;1231;414
1207;25;28;1379;894;61;368
894;25;29;1207;2281;1688;379
2281;25;30;894;1806;655;2022
1806;25;31;2281;1349;1222;1644
1349;25;32;1806;1252;318;1718
1252;25;33;1349;962;585;2152
962;25;34;1252;1442;402;1281
1442;25;35;962;2087;574;1819
2087;25;36;1442;2168;1798;1913
2168;25;37;2087;355;2112;1457
355;25;38;2168;888;1530;1772
888;25;39;355;1218;828;1848
1218;25;40;888;1646;529;1541
1646;25;41;1218;278;995;2269
278;25;42;1646;1352;251;138
1352;25;43;278;134;547;339
134;25;44;1352;805;2242;479
805;25;45;134;532;750;1168
532;25;46;805;1216;178;1721
1216;25;47;532;345;106;269
345;25;48;1216;508;671;141
508;25;49;345;0;867;54
1361;26;0;0;1656;1499;572
1656;26;1;1361;1920;702;2397
1920;26;2;1656;492;2358;1278
492;26;3;1920;184;2144;1679
184;26;4;492;967;2385;753
967;26;5;184;1088;761;1027
1088;26;6;967;555;1640;1204
555;26;7;1088;982;1286;2188
982;26;8;555;1299;846;411
1299;26;9;982;936;564;405
936;26;10;1299;1521;2500;1329
1521;26;11;936;921;150;1615
921;26;12;1521;916;242;1898
916;26;13;921;614;1444;206
614;26;14;916;1109;7;2229
1109;26;15;614;2359;1989;1070
2359;26;16;1109;146;1643;1558
146;26;17;2359;627;521;1434
627;26;18;146;1304;308;2259
1304;26;19;627;2428;1990;939
2428;26;20;1304;2389;2159;1489
2389;26;21;2428;2355;122;2336
2355;26;22;2389;1245;186;1581
1245;26;23;2355;473;166;1033
473;26;24;1245;1189;2257;2471
1189;26;25;473;201;1226;2451
201;26;26;1189;414;288;224
414;26;27;201;368;1379;115
368;26;28;414;379;1207;1391
379;26;29;368;2022;894;1735
2022;26;30;379;1644;2281;1030
1644;26;31;2022;1718;1806;2088
1718;26;32;1644;2152;1349;2406
2152;26;33;1718;1281;1252;497
1281;26;34;2152;1819;962;70
1819;26;35;1281;1913;1442;1006
1913;26;36;1819;1457;2087;2096
1457;26;37;1913;1772;2168;1556
1772;26;38;1457;1848;355;2478
1848;26;39;1772;1541;888;2437
1541;26;40;1848;2269;1218;88
2269;26;41;1541;138;1646;1580
138;26;42;2269;339;278;1542
339;26;43;138;479;1352;1816
479;26;44;339;1168;134;1142
1168;26;45;479;1721;805;1754
1721;26;46;1168;269;532;2072
269;26;47;1721;141;1216;1630
141;26;48;269;54;345;854
54;26;49;141;0;508;2231
572;27;0;0;2397;1361;1406
2397;27;1;572;1278;1656;2316
1278;27;2;2397;1679;1920;1583
1679;27;3;1278;753;492;1676
753;27;4;1679;1027;184;783
1027;27;5;753;1204;967;509
1204;27;6;1027;2188;1088;1378
2188;27;7;1204;411;555;1238
411;27;8;2188;405;982;2137
405;27;9;411;1329;1299;1578
1329;27;10;405;1615;936;317
1615;27;11;1329;1898;1521;607
1898;27;12;1615;206;921;2195
206;27;13;1898;2229;916;23
2229;27;14;206;1070;614;1462
1070;27;15;2229;1558;1109;2219
1558;27;16;1070;1434;2359;1544
1434;27;17;1558;2259;146;1458
2259;27;18;1434;939;627;582
939;27;19;2259;1489;1304;649
1489;27;20;939;2336;2428;1240
2336;27;21;1489;1581;2389;1921
1581;27;22;2336;1033;2355;1386
1033;27;23;1581;2471;1245;2268
2471;27;24;1033;2451;473;2223
2451;27;25;2471;224;1189;1931
224;27;26;2451;115;201;496
115;27;27;224;1391;414;2194
1391;27;28;115;1735;368;114
1735;27;29;1391;1030;379;1522
1030;27;30;1735;2088;2022;779
2088;27;31;1030;2406;1644;46
2406;27;32;2088;497;1718;824
497;27;33;2406;70;2152;2416
70;27;34;497;1006;1281;1875
1006;27;35;70;2096;1819;1811
2096;27;36;1006;1556;1913;1775
1556;27;37;2096;2478;1457;1707
2478;27;38;1556;2437;1772;1241
2437;27;39;2478;88;1848;1555
88;27;40;2437;1580;1541;1493
1580;27;41;88;1542;2269;697
1542;27;42;1580;1816;138;2402
1816;27;43;1542;1142;339;559
1142;27;44;1816;1754;479;1342
1754;27;45;1142;2072;1168;628
2072;27;46;1754;1630;1721;1869
1630;27;47;2072;854;269;999
854;27;48;1630;2231;141;944
2231;27;49;854;0;54;1740
1406;28;0;0;2316;572;1007
2316;28;1;1406;1583;2397;161
1583;28;2;2316;1676;1278;2197
1676;28;3;1583;783;1679;416
783;28;4;1676;509;753;52
509;28;5;783;1378;1027;663
1378;28;6;509;1238;1204;2208
1238;28;7;1378;2137;2188;144
2137;28;8;1238;1578;411;1669
1578;28;9;2137;317;405;1802
317;28;10;1578;607;1329;1551
607;28;11;317;2195;1615;1328
2195;28;12;607;23;1898;2454
23;28;13;2195;1462;206;1235
1462;28;14;23;2219;2229;1734
2219;28;15;1462;1544;1070;739
1544;28;16;2219;1458;1558;259
1458;28;17;1544;582;1434;766
582;28;18;1458;649;2259;1504
649;28;19;582;1240;939;300
1240;28;20;649;1921;1489;638
1921;28;21;1240;1386;2336;1613
1386;28;22;1921;2268;1581;873
2268;28;23;1386;2223;1033;1359
2223;28;24;2268;1931;2471;1776
1931;28;25;2223;496;2451;397
496;28;26;1931;2194;224;1459
2194;28;27;496;114;115;444
114;28;28;2194;1522;1391;410
1522;28;29;114;779;1735;998
779;28;30;1522;46;1030;291
46;28;31;779;824;2088;2127
824;28;32;46;2416;2406;470
2416;28;33;824;1875;497;98
1875;28;34;2416;1811;70;1374
1811;28;35;1875;1775;1006;93
1775;28;36;1811;1707;2096;711
1707;28;37;1775;1241;1556;1135
1241;28;38;1707;1555;2478;1346
1555;28;39;1241;1493;2437;21
1493;28;40;1555;697;88;118
697;28;41;1493;2402;1580;2081
2402;28;42;697;559;1542;1642
559;28;43;2402;1342;1816;2012
1342;28;44;559;628;1142;266
628;28;45;1342;1869;1754;2218
1869;28;46;628;999;2072;1654
999;28;47;1869;944;1630;439
944;28;48;999;1740;854;325
1740;28;49;944;0;2231;2192
1007;29;0;0;161;1406;1601
161;29;1;1007;2197;2316;2201
2197;29;2;161;416;1583;130
416;29;3;2197;52;1676;443
52;29;4;416;663;783;2186
663;29;5;52;2208;509;2094
2208;29;6;663;144;1378;840
144;29;7;2208;1669;1238;957
1669;29;8;144;1802;2137;1418
1802;29;9;1669;1551;1578;273
1551;29;10;1802;1328;317;2491
1328;29;11;1551;2454;607;312
2454;29;12;1328;1235;2195;1529
1235;29;13;2454;1734;23;303
1734;29;14;1235;739;1462;1473
739;29;15;1734;259;2219;398
259;29;16;739;766;1544;1549
766;29;17;259;1504;1458;1161
1504;29;18;766;300;582;240
300;29;19;1504;638;649;1998
638;29;20;300;1613;1240;1150
1613;29;21;638;873;1921;1665
873;29;22;1613;1359;1386;1118
1359;29;23;873;1776;2268;2243
1776;29;24;1359;397;2223;1289
397;29;25;1776;1459;1931;748
1459;29;26;397;444;496;664
444;29;27;1459;410;2194;2476
410;29;28;444;998;114;635
998;29;29;410;291;1522;1476
291;29;30;998;2127;779;1850
2127;29;31;291;470;46;908
470;29;32;2127;98;824;1093
98;29;33;470;1374;2416;826
1374;29;34;98;93;1875;1366
93;29;35;1374;711;1811;2432
711;29;36;93;1135;1775;1703
1135;29;37;711;1346;1707;863
1346;29;38;1135;21;1241;524
21;29;39;1346;118;1555;192
118;29;40;21;2081;1493;969
2081;29;41;118;1642;697;1950
1642;29;42;2081;2012;2402;1172
2012;29;43;1642;266;559;2351
266;29;44;2012;2218;1342;1837
2218;29;45;266;1654;628;625
1654;29;46;2218;439;1869;504
439;29;47;1654;325;999;860
325;29;48;439;2192;944;14
2192;29;49;325;0;1740;2232
1601;30;0;0;2201;1007;2202
2201;30;1;1601;130;161;1250
130;30;2;2201;443;2197;173
443;30;3;130;2186;416;829
2186;30;4;443;2094;52;284
2094;30;5;2186;840;663;1947
840;30;6;2094;957;2208;1603
957;30;7;840;1418;144;128
1418;30;8;957;273;1669;1162
273;30;9;1418;2491;1802;286
2491;30;10;273;312;1551;183
312;30;11;2491;1529;1328;1312
1529;30;12;312;303;2454;1525
303;30;13;1529;1473;1235;233
1473;30;14;303;398;1734;432
398;30;15;1473;1549;739;1477
1549;30;16;398;1161;259;1450
1161;30;17;1549;240;766;2025
240;30;18;1161;1998;1504;1244
1998;30;19;240;1150;300;1984
1150;30;20;1998;1665;638;500
1665;30;21;1150;1118;1613;1888
1118;30;22;1665;2243;873;802
2243;30;23;1118;1289;1359;1994
1289;30;24;2243;748;1776;1982
748;30;25;1289;664;397;193
664;30;26;748;2476;1459;785
2476;30;27;664;635;444;849
635;30;28;2476;1476;410;1538
1476;30;29;635;1850;998;2115
1850;30;30;1476;908;291;1796
908;30;31;1850;1093;2127;1535
1093;30;32;908;826;470;2372
826;30;33;1093;1366;98;90
1366;30;34;826;2432;1374;676
2432;30;35;1366;1703;93;768
1703;30;36;2432;863;711;599
863;30;37;1703;524;1135;401
524;30;38;863;192;1346;378
192;30;39;524;969;21;1625
969;30;40;192;1950;118;354
1950;30;41;969;1172;2081;1409
1172;30;42;1950;2351;1642;1540
2351;30;43;1172;1837;2012;1090
1837;30;44;2351;625;266;637
625;30;45;1837;504;2218;1197
504;30;46;625;860;1654;1743
860;30;47;504;14;439;2462
14;30;48;860;2232;325;1410
2232;30;49;14;0;2192;1988
2202;31;0;0;1250;1601;1472
1250;31;1;2202;173;2201;684
173;31;2;1250;829;130;373
829;31;3;173;284;443;892
284;31;4;829;1947;2186;1198
1947;31;5;284;1603;2094;1757
1603;31;6;1947;128;840;1124
128;31;7;1603;1162;957;1693
1162;31;8;128;286;1418;922
286;31;9;1162;183;273;1092
183;31;10;286;1312;2491;1017
1312;31;11;183;1525;312;795
1525;31;12;1312;233;1529;2143
233;31;13;1525;432;303;2166
432;31;14;233;1477;1473;237
1477;31;15;432;1450;398;1085
1450;31;16;1477;2025;1549;2155
2025;31;17;1450;1244;1161;1714
1244;31;18;2025;1984;240;1166
1984;31;19;1244;500;1998;1016
500;31;20;1984;1888;1150;2392
1888;31;21;500;802;1665;2260
802;31;22;1888;1994;1118;123
1994;31;23;802;1982;2243;1263
1982;31;24;1994;193;1289;332
193;31;25;1982;785;748;63
785;31;26;193;849;664;1563
849;31;27;785;1538;2476;543
1538;31;28;849;2115;635;2124
2115;31;29;1538;1796;1476;127
1796;31;30;2115;1535;1850;476
1535;31;31;1796;2372;908;121
2372;31;32;1535;90;1093;1991
90;31;33;2372;676;826;841
676;31;34;90;768;1366;481
768;31;35;676;599;2432;1028
599;31;36;768;401;1703;2119
401;31;37;599;378;863;1623
378;31;38;401;1625;524;264
1625;31;39;378;354;192;426
354;31;40;1625;1409;969;878
1409;31;41;354;1540;1950;180
1540;31;42;1409;1090;1172;1825
1090;31;43;1540;637;2351;1177
637;31;44;1090;1197;1837;117
1197;31;45;637;1743;625;2051
1743;31;46;1197;2462;504;294
2462;31;47;1743;1410;860;2284
1410;31;48;2462;1988;14;2357
1988;31;49;1410;0;2232;2054
1472;32;0;0;684;2202;2461
684;32;1;1472;373;1250;861
373;32;2;684;892;173;34
892;32;3;373;1198;829;2353
1198;32;4;892;1757;284;174
1757;32;5;1198;1124;1947;1889
1124;32;6;1757;1693;1603;1413
1693;32;7;1124;922;128;2449
922;32;8;1693;1092;1162;2427
1092;32;9;922;1017;286;2276
1017;32;10;1092;795;183;2153
795;32;11;1017;2143;1312;2455
2143;32;12;795;2166;1525;168
2166;32;13;2143;237;233;2165
237;32;14;2166;1085;432;299
1085;32;15;237;2155;1477;171
2155;32;16;1085;1714;1450;881
1714;32;17;2155;1166;2025;2350
1166;32;18;1714;1016;1244;2285
1016;32;19;1166;2392;1984;720
2392;32;20;1016;2260;500;1809
2260;32;21;2392;123;1888;376
123;32;22;2260;1263;802;2234
1263;32;23;123;332;1994;2424
332;32;24;1263;63;1982;2024
63;32;25;332;1563;193;1392
1563;32;26;63;543;785;1174
543;32;27;1563;2124;849;1041
2124;32;28;543;127;1538;2488
127;32;29;2124;476;2115;35
476;32;30;127;121;1796;946
121;32;31;476;1991;1535;565
1991;32;32;121;841;2372;1279
841;32;33;1991;481;90;1799
481;32;34;841;1028;676;18
1028;32;35;481;2119;768;1864
2119;32;36;1028;1623;599;2434
1623;32;37;2119;264;401;265
264;32;38;1623;426;378;689
426;32;39;264;878;1625;2345
878;32;40;426;180;354;2132
180;32;41;878;1825;1409;1040
1825;32;42;180;1177;1540;19
1177;32;43;1825;117;1090;1612
117;32;44;1177;2051;637;1128
2051;32;45;117;294;1197;1805
294;32;46;2051;2284;1743;1516
2284;32;47;294;2357;2462;69
2357;32;48;2284;2054;1410;1479
2054;32;49;2357;0;1988;490
2461;33;0;0;861;1472;1206
861;33;1;2461;34;684;2253
34;33;2;861;2353;373;1042
2353;33;3;34;174;892;2248
174;33;4;2353;1889;1198;331
1889;33;5;174;1413;1757;1957
1413;33;6;1889;2449;1124;1381
2449;33;7;1413;2427;1693;298
2427;33;8;2449;2276;922;1709
2276;33;9;2427;2153;1092;1228
2153;33;10;2276;2455;1017;1318
2455;33;11;2153;168;795;36
168;33;12;2455;2165;2143;1974
2165;33;13;168;299;2166;1663
299;33;14;2165;171;237;2479
171;33;15;299;881;1085;211
881;33;16;171;2350;2155;1820
2350;33;17;881;2285;1714;148
2285;33;18;2350;720;1166;1926
720;33;19;2285;1809;1016;73
1809;33;20;720;376;2392;901
376;33;21;1809;2234;2260;985
2234;33;22;376;2424;123;994
2424;33;23;2234;2024;1263;1764
2024;33;24;2424;1392;332;1657
1392;33;25;2024;1174;63;1431
1174;33;26;1392;1041;1563;442
1041;33;27;1174;2488;543;1388
2488;33;28;1041;35;2124;1192
35;33;29;2488;946;127;1114
946;33;30;35;565;476;1396
565;33;31;946;1279;121;1350
1279;33;32;565;1799;1991;575
1799;33;33;1279;18;841;528
18;33;34;1799;1864;481;116
1864;33;35;18;2434;1028;1919
2434;33;36;1864;265;2119;2463
265;33;37;2434;689;1623;1296
689;33;38;265;2345;264;145
2345;33;39;689;2132;426;2097
2132;33;40;2345;1040;878;42
1040;33;41;2132;19;180;1307
19;33;42;1040;1612;1825;2270
1612;33;43;19;1128;1177;1846
1128;33;44;1612;1805;117;1965
1805;33;45;1128;1516;2051;1471
1516;33;46;1805;69;294;2344
69;33;47;1516;1479;2284;1046
1479;33;48;69;490;2357;287
490;33;49;1479;0;2054;1465
1206;34;0;0;2253;2461;2490
2253;34;1;1206;1042;861;349
1042;34;2;2253;2248;34;2020
2248;34;3;1042;331;2353;1785
331;34;4;2248;1957;174;2376
1957;34;5;331;1381;1889;1910
1381;34;6;1957;298;1413;135
298;34;7;1381;1709;2449;1325
1709;34;8;298;1228;2427;436
1228;34;9;1709;1318;2276;678
1318;34;10;1228;36;2153;1419
36;34;11;1318;1974;2455;1438
1974;34;12;36;1663;168;1966
1663;34;13;1974;2479;2165;535
2479;34;14;1663;211;299;1650
211;34;15;2479;1820;171;1595
1820;34;16;211;148;881;1036
148;34;17;1820;1926;2350;973
1926;34;18;148;73;2285;1548
73;34;19;1926;901;720;1423
901;34;20;73;985;1809;1899
985;34;21;901;994;376;1519
994;34;22;985;1764;2234;679
1764;34;23;994;1657;2424;781
1657;34;24;1764;1431;2024;2174
1431;34;25;1657;442;1392;971
442;34;26;1431;1388;1174;2179
1388;34;27;442;1192;1041;1066
1192;34;28;1388;1114;2488;629
1114;34;29;1192;1396;35;790
1396;34;30;1114;1350;946;1103
1350;34;31;1396;575;565;1728
575;34;32;1350;528;1279;261
528;34;33;575;116;1799;1784
116;34;34;528;1919;18;874
1919;34;35;116;2463;1864;1105
2463;34;36;1919;1296;2434;1993
1296;34;37;2463;145;265;1430
145;34;38;1296;2097;689;1397
2097;34;39;145;42;2345;1347
42;34;40;2097;1307;2132;977
1307;34;41;42;2270;1040;1797
2270;34;42;1307;1846;19;1288
1846;34;43;2270;1965;1612;380
1965;34;44;1846;1471;1128;713
1471;34;45;1965;2344;1805;1157
2344;34;46;1471;1046;1516;1402
1046;34;47;2344;287;69;1755
287;34;48;1046;1465;1479;1140
1465;34;49;287;0;490;691
2490;35;0;0;349;1206;2306
349;35;1;2490;2020;2253;165
2020;35;2;349;1785;1042;1178
1785;35;3;2020;2376;2248;1373
2376;35;4;1785;1910;331;955
1910;35;5;2376;135;1957;1739
135;35;6;1910;1325;1381;2177
1325;35;7;135;436;298;1968
436;35;8;1325;678;1709;2423
678;35;9;436;1419;1228;1636
1419;35;10;678;1438;1318;875
1438;35;11;1419;1966;36;2157
1966;35;12;1438;535;1974;412
535;35;13;1966;1650;1663;1756
1650;35;14;535;1595;2479;1237
1595;35;15;1650;1036;211;32
1036;35;16;1595;973;1820;1552
973;35;17;1036;1548;148;800
1548;35;18;973;1423;1926;1887
1423;35;19;1548;1899;73;589
1899;35;20;1423;1519;901;1628
1519;35;21;1899;679;985;262
679;35;22;1519;781;994;381
781;35;23;679;2174;1764;1261
2174;35;24;781;971;1657;1536
971;35;25;2174;2179;1431;2093
2179;35;26;971;1066;442;493
1066;35;27;2179;629;1388;389
629;35;28;1066;790;1192;1217
790;35;29;629;1103;1114;1311
1103;35;30;790;1728;1396;1251
1728;35;31;1103;261;1350;1823
261;35;32;1728;1784;575;791
1784;35;33;261;874;528;584
874;35;34;1784;1105;116;725
1105;35;35;874;1993;1919;1587
1993;35;36;1105;1430;2463;956
1430;35;37;1993;1397;1296;1588
1397;35;38;1430;1347;145;1720
1347;35;39;1397;977;2097;815
977;35;40;1347;1797;42;1258
1797;35;41;977;1288;1307;1815
1288;35;42;1797;380;2270;2185
380;35;43;1288;713;1846;1429
713;35;44;380;1157;1965;2181
1157;35;45;713;1402;1471;1417
1402;35;46;1157;1755;2344;2160
1755;35;47;1402;1140;1046;1851
1140;35;48;1755;691;287;96
691;35;49;1140;0;1465;724
2306;36;0;0;165;2490;13
165;36;1;2306;1178;349;1866
1178;36;2;165;1373;2020;309
1373;36;3;1178;955;1785;775
955;36;4;1373;1739;2376;431
1739;36;5;955;2177;1910;112
2177;36;6;1739;1968;135;1600
1968;36;7;2177;2423;1325;533
2423;36;8;1968;1636;436;156
1636;36;9;2423;875;678;113
875;36;10;1636;2157;1419;2085
2157;36;11;875;412;1438;1696
412;36;12;2157;1756;1966;2135
1756;36;13;412;1237;535;1953
1237;36;14;1756;32;1650;745
32;36;15;1237;1552;1595;1008
1552;36;16;32;800;1036;658
800;36;17;1552;1887;973;530
1887;36;18;800;589;1548;1451
589;36;19;1887;1628;1423;823
1628;36;20;589;262;1899;58
262;36;21;1628;381;1519;1961
381;36;22;262;1261;679;1659
1261;36;23;381;1536;781;253
1536;36;24;1261;2093;2174;1089
2093;36;25;1536;493;971;2059
493;36;26;2093;389;2179;741
389;36;27;493;1217;1066;776
1217;36;28;389;1311;629;2401
1311;36;29;1217;1251;790;2126
1251;36;30;1311;1823;1103;665
1823;36;31;1251;791;1728;2366
791;36;32;1823;584;261;2450
584;36;33;791;725;1784;2190
725;36;34;584;1587;874;728
1587;36;35;725;956;1105;2290
956;36;36;1587;1588;1993;1026
1588;36;37;956;1720;1430;2211
1720;36;38;1588;815;1397;2041
815;36;39;1720;1258;1347;1792
1258;36;40;815;1815;977;1550
1815;36;41;1258;2185;1797;2042
2185;36;42;1815;1429;1288;954
1429;36;43;2185;2181;380;1554
2181;36;44;1429;1417;713;1272
1417;36;45;2181;2160;1157;1748
2160;36;46;1417;1851;1402;10
1851;36;47;2160;96;1755;279
96;36;48;1851;724;1140;506
724;36;49;96;0;691;1629
13;37;0;0;1866;2306;1133
1866;37;1;13;309;165;1292
309;37;2;1866;775;1178;1565
775;37;3;309;431;1373;1664
431;37;4;775;112;955;1486
112;37;5;431;1600;1739;219
1600;37;6;112;533;2177;718
533;37;7;1600;156;1968;353
156;37;8;533;113;2423;31
113;37;9;156;2085;1636;1372
2085;37;10;113;1696;875;1049
1696;37;11;2085;2135;2157;2302
2135;37;12;1696;1953;412;1872
1953;37;13;2135;745;1756;2037
745;37;14;1953;1008;1237;1326
1008;37;15;745;658;32;1264
658;37;16;1008;530;1552;1087
530;37;17;658;1451;800;871
1451;37;18;530;823;1887;647
823;37;19;1451;58;589;1960
58;37;20;823;1961;1628;2214
1961;37;21;58;1659;262;772
1659;37;22;1961;253;381;2060
253;37;23;1659;1089;1261;2308
1089;37;24;253;2059;1536;1561
2059;37;25;1089;741;2093;747
741;37;26;2059;776;493;692
776;37;27;741;2401;389;2349
2401;37;28;776;2126;1217;392
2126;37;29;2401;665;1311;1794
665;37;30;2126;2366;1251;920
2366;37;31;665;2450;1823;1110
2450;37;32;2366;2190;791;2466
2190;37;33;2450;728;584;188
728;37;34;2190;2290;725;988
2290;37;35;728;1026;1587;1275
1026;37;36;2290;2211;956;862
2211;37;37;1026;2041;1588;914
2041;37;38;2211;1792;1720;1685
1792;37;39;2041;1550;815;2456
1550;37;40;1792;2042;1258;1963
2042;37;41;1550;954;1815;1617
954;37;42;2042;1554;2185;2414
1554;37;43;954;1272;1429;319
1272;37;44;1554;1748;2181;2370
1748;37;45;1272;10;1417;2390
10;37;46;1748;279;2160;659
279;37;47;10;506;1851;1774
506;37;48;279;1629;96;2077
1629;37;49;506;0;724;244
1133;38;0;0;1292;13;907
1292;38;1;1133;1565;1866;208
1565;38;2;1292;1664;309;1484
1664;38;3;1565;1486;775;1316
1486;38;4;1664;219;431;1139
219;38;5;1486;718;112;43
718;38;6;219;353;1600;1439
353;38;7;718;31;533;540
31;38;8;353;1372;156;852
1372;38;9;31;1049;113;1610
1049;38;10;1372;2302;2085;503
2302;38;11;1049;1872;1696;1725
1872;38;12;2302;2037;2135;1609
2037;38;13;1872;1326;1953;1886
1326;38;14;2037;1264;745;2105
1264;38;15;1326;1087;1008;2069
1087;38;16;1264;871;658;919
871;38;17;1087;647;530;677
647;38;18;871;1960;1451;162
1960;38;19;647;2214;823;72
2214;38;20;1960;772;58;1511
772;38;21;2214;2060;1961;2079
2060;38;22;772;2308;1659;49
2308;38;23;2060;1561;253;657
1561;38;24;2308;747;1089;234
747;38;25;1561;692;2059;2011
692;38;26;747;2349;741;1770
2349;38;27;692;392;776;1324
392;38;28;2349;1794;2401;1004
1794;38;29;392;920;2126;2141
920;38;30;1794;1110;665;1992
1110;38;31;920;2466;2366;315
2466;38;32;1110;188;2450;816
188;38;33;2466;988;2190;2380
988;38;34;188;1275;728;1300
1275;38;35;988;862;2290;153
862;38;36;1275;914;1026;1259
914;38;37;862;1685;2211;557
1685;38;38;914;2456;2041;1467
2456;38;39;1685;1963;1792;2021
1963;38;40;2456;1617;1550;220
1617;38;41;1963;2414;2042;1054
2414;38;42;1617;319;954;721
319;38;43;2414;2370;1554;295
2370;38;44;319;2390;1272;2212
2390;38;45;2370;659;1748;2438
659;38;46;2390;1774;10;1287
1774;38;47;659;2077;279;337
2077;38;48;1774;244;506;2109
244;38;49;2077;0;1629;993
907;39;0;0;208;1133;1686
208;39;1;907;1484;1292;1271
1484;39;2;208;1316;1565;1723
1316;39;3;1484;1139;1664;330
1139;39;4;1316;43;1486;1675
43;39;5;1139;1439;219;683
1439;39;6;43;540;718;1568
540;39;7;1439;852;353;1123
852;39;8;540;1610;31;60
1610;39;9;852;503;1372;2235
503;39;10;1610;1725;1049;2240
1725;39;11;503;1609;2302;950
1609;39;12;1725;1886;1872;616
1886;39;13;1609;2105;2037;1151
2105;39;14;1886;2069;1326;1353
2069;39;15;2105;919;1264;2430
919;39;16;2069;677;1087;562
677;39;17;919;162;871;2314
162;39;18;677;72;647;620
72;39;19;162;1511;1960;2354
1511;39;20;72;2079;2214;29
2079;39;21;1511;49;772;2050
49;39;22;2079;657;2060;129
657;39;23;49;234;2308;2035
234;39;24;657;2011;1561;408
2011;39;25;234;1770;747;170
1770;39;26;2011;1324;692;1322
1324;39;27;1770;1004;2349;2303
1004;39;28;1324;2141;392;1111
2141;39;29;1004;1992;1794;1949
1992;39;30;2141;315;920;1517
315;39;31;1992;816;1110;154
816;39;32;315;2380;2466;306
2380;39;33;816;1300;188;738
1300;39;34;2380;153;988;617
153;39;35;1300;1259;1275;2373
1259;39;36;153;557;862;2203
557;39;37;1259;1467;914;1639
1467;39;38;557;2021;1685;230
2021;39;39;1467;220;2456;1127
220;39;40;2021;1054;1963;1313
1054;39;41;220;721;1617;1801
721;39;42;1054;295;2414;1185
295;39;43;721;2212;319;1979
2212;39;44;295;2438;2370;2199
2438;39;45;2212;1287;2390;1273
1287;39;46;2438;337;659;393
337;39;47;1287;2109;1774;1698
2109;39;48;337;993;2077;884
993;39;49;2109;0;244;1497
1686;40;0;0;1271;907;1753
1271;40;1;1686;1723;208;915
1723;40;2;1271;330;1484;1076
330;40;3;1723;1675;1316;2399
1675;40;4;330;683;1139;1611
683;40;5;1675;1568;43;1356
1568;40;6;683;1123;1439;583
1123;40;7;1568;60;540;430
60;40;8;1123;2235;852;323
2235;40;9;60;2240;1610;307
2240;40;10;2235;950;503;2328
950;40;11;2240;616;1725;24
616;40;12;950;1151;1609;199
1151;40;13;616;1353;1886;1938
1353;40;14;1151;2430;2105;310
2430;40;15;1353;562;2069;979
562;40;16;2430;2314;919;1867
2314;40;17;562;620;677;1585
620;40;18;2314;2354;162;645
2354;40;19;620;29;72;553
29;40;20;2354;2050;1511;327
2050;40;21;29;129;2079;2294
129;40;22;2050;2035;49;1878
2035;40;23;129;408;657;2130
408;40;24;2035;170;234;681
170;40;25;408;1322;2011;40
1322;40;26;170;2303;1770;1684
2303;40;27;1322;1111;1324;210
1111;40;28;2303;1949;1004;2469
1949;40;29;1111;1517;2141;2044
1517;40;30;1949;154;1992;239
154;40;31;1517;306;315;1527
306;40;32;154;738;816;2062
738;40;33;306;617;2380;609
617;40;34;738;2373;1300;1760
2373;40;35;617;2203;153;819
2203;40;36;2373;1639;1259;2492
1639;40;37;2203;230;557;1844
230;40;38;1639;1127;1467;1469
1127;40;39;230;1313;2021;2305
1313;40;40;1127;1801;220;1810
1801;40;41;1313;1185;1054;1183
1185;40;42;1801;1979;721;1941
1979;40;43;1185;2199;295;890
2199;40;44;1979;1273;2212;1012
1273;40;45;2199;393;2438;1983
393;40;46;1273;1698;1287;686
1698;40;47;393;884;337;1658
884;40;48;1698;1497;2109;1560
1497;40;49;884;0;993;1104
1753;41;0;0;915;1686;693
915;41;1;1753;1076;1271;243
1076;41;2;915;2399;1723;329
2399;41;3;1076;1611;330;185
1611;41;4;2399;1356;1675;203
1356;41;5;1611;583;683;1115
583;41;6;1356;430;1568;680
430;41;7;583;323;1123;1276
323;41;8;430;307;60;9
307;41;9;323;2328;2235;383
2328;41;10;307;24;2240;611
24;41;11;2328;199;950;2128
199;41;12;24;1938;616;746
1938;41;13;199;310;1151;709
310;41;14;1938;979;1353;517
979;41;15;310;1867;2430;137
1867;41;16;979;1585;562;2003
1585;41;17;1867;645;2314;1023
645;41;18;1585;553;620;644
553;41;19;645;327;2354;1576
327;41;20;553;2294;29;382
2294;41;21;327;1878;2050;236
1878;41;22;2294;2130;129;2178
2130;41;23;1878;681;2035;1501
681;41;24;2130;40;408;275
40;41;25;681;1684;170;227
1684;41;26;40;210;1322;495
210;41;27;1684;2469;2303;2338
2469;41;28;210;2044;1111;814
2044;41;29;2469;239;1949;1719
239;41;30;2044;1527;1517;1559
1527;41;31;239;2062;154;1282
2062;41;32;1527;609;306;1461
609;41;33;2062;1760;738;1840
1760;41;34;609;819;617;1159
819;41;35;1760;2492;2373;2034
2492;41;36;819;1844;2203;2320
1844;41;37;2492;1469;1639;1481
1469;41;38;1844;2305;230;2090
2305;41;39;1469;1810;1127;1187
1810;41;40;2305;1183;1313;2245
1183;41;41;1810;1941;1801;560
1941;41;42;1183;890;1185;798
890;41;43;1941;1012;1979;1436
1012;41;44;890;1983;2199;103
1983;41;45;1012;686;1273;2472
686;41;46;1983;1658;393;1203
1658;41;47;686;1560;1698;282
1560;41;48;1658;1104;884;853
1104;41;49;1560;0;1497;140
693;42;0;0;243;1753;53
243;42;1;693;329;915;213
329;42;2;243;185;1076;1260
185;42;3;329;203;2399;1065
203;42;4;185;1115;1611;733
1115;42;5;203;680;1356;2019
680;42;6;1115;1276;583;132
1276;42;7;680;9;430;1691
9;42;8;1276;383;323;66
383;42;9;9;611;307;163
611;42;10;383;2128;2328;1973
2128;42;11;611;746;24;1098
746;42;12;2128;709;199;2101
709;42;13;746;517;1938;374
517;42;14;709;137;310;1382
137;42;15;517;2003;979;991
2003;42;16;137;1023;1867;911
1023;42;17;2003;644;1585;567
644;42;18;1023;1576;645;2182
1576;42;19;644;382;553;1233
382;42;20;1576;236;327;1291
236;42;21;382;2178;2294;869
2178;42;22;236;1501;1878;1812
1501;42;23;2178;275;2130;1655
275;42;24;1501;227;681;2322
227;42;25;275;495;40;1145
495;42;26;227;2338;1684;1194
2338;42;27;495;814;210;1857
814;42;28;2338;1719;2469;2362
1719;42;29;814;1559;2044;953
1559;42;30;1719;1282;239;726
1282;42;31;1559;1461;1527;1503
1461;42;32;1282;1840;2062;760
1840;42;33;1461;1159;609;1956
1159;42;34;1840;2034;1760;2301
2034;42;35;1159;2320;819;200
2320;42;36;2034;1481;2492;1832
1481;42;37;2320;2090;1844;2029
2090;42;38;1481;1187;1469;2394
1187;42;39;2090;2245;2305;271
2245;42;40;1187;560;1810;2122
560;42;41;2245;798;1183;209
798;42;42;560;1436;1941;650
1436;42;43;798;103;890;1817
103;42;44;1436;2472;1012;2342
2472;42;45;103;1203;1983;723
1203;42;46;2472;282;686;1934
282;42;47;1203;853;1658;1422
853;42;48;282;140;1560;729
140;42;49;853;0;1104;1389
53;43;0;0;213;693;2026
213;43;1;53;1260;243;346
1260;43;2;213;1065;329;886
1065;43;3;1260;733;185;435
733;43;4;1065;2019;203;2433
2019;43;5;733;132;1115;1169
132;43;6;2019;1691;680;2324
1691;43;7;132;66;1276;1599
66;43;8;1691;163;9;1358
163;43;9;66;1973;383;1080
1973;43;10;163;1098;611;11
1098;43;11;1973;2101;2128;1744
2101;43;12;1098;374;746;1826
374;43;13;2101;1382;709;218
1382;43;14;374;991;517;2332
991;43;15;1382;911;137;2187
911;43;16;991;567;2003;1101
567;43;17;911;2182;1023;1051
2182;43;18;567;1233;644;1306
1233;43;19;2182;1291;1576;25
1291;43;20;1233;869;382;2173
869;43;21;1291;1812;236;1649
1812;43;22;869;1655;2178;1952
1655;43;23;1812;2322;1501;1242
2322;43;24;1655;1145;275;438
1145;43;25;2322;1194;227;2052
1194;43;26;1145;1857;495;1996
1857;43;27;1194;2362;2338;769
2362;43;28;1857;953;814;1678
953;43;29;2362;726;1719;630
726;43;30;953;1503;1559;1828
1503;43;31;726;760;1282;477
760;43;32;1503;1956;1461;1126
1956;43;33;760;2301;1840;2341
2301;43;34;1956;200;1159;2272
200;43;35;2301;1832;2034;591
1832;43;36;200;2029;2320;1073
2029;43;37;1832;2394;1481;110
2394;43;38;2029;271;2090;1855
271;43;39;2394;2122;1187;935
2122;43;40;271;209;2245;2337
209;43;41;2122;650;560;832
650;43;42;209;1817;798;1942
1817;43;43;650;2342;1436;1562
2342;43;44;1817;723;103;1432
723;43;45;2342;1934;2472;1072
1934;43;46;723;1422;1203;1860
1422;43;47;1934;729;282;2058
729;43;48;1422;1389;853;1833
1389;43;49;729;0;140;466
2026;44;0;0;346;53;1767
346;44;1;2026;886;213;2293
886;44;2;346;435;1260;155
435;44;3;886;2433;1065;2114
2433;44;4;435;1169;733;2282
1169;44;5;2433;2324;2019;494
2324;44;6;1169;1599;132;1716
1599;44;7;2324;1358;1691;978
1358;44;8;1599;1080;66;1190
1080;44;9;1358;11;163;1759
11;44;10;1080;1744;1973;912
1744;44;11;11;1826;1098;847
1826;44;12;1744;218;2101;734
218;44;13;1826;2332;374;2361
2332;44;14;218;2187;1382;1773
2187;44;15;2332;1101;991;1077
1101;44;16;2187;1051;911;367
1051;44;17;1101;1306;567;1147
1306;44;18;1051;25;2182;1298
25;44;19;1306;2173;1233;2086
2173;44;20;25;1649;1291;1
1649;44;21;2173;1952;869;569
1952;44;22;1649;1242;1812;2384
1242;44;23;1952;438;1655;1598
438;44;24;1242;2052;2322;2452
2052;44;25;438;1996;1145;2161
1996;44;26;2052;769;1194;2464
769;44;27;1996;1678;1857;1666
1678;44;28;769;630;2362;2398
630;44;29;1678;1828;953;1398
1828;44;30;630;477;726;1711
477;44;31;1828;1126;1503;1129
1126;44;32;477;2341;760;1647
2341;44;33;1126;2272;1956;2482
2272;44;34;2341;591;2301;1485
591;44;35;2272;1073;200;537
1073;44;36;591;110;1832;1351
110;44;37;1073;1855;2029;65
1855;44;38;110;935;2394;1997
935;44;39;1855;2337;271;531
2337;44;40;935;832;2122;1435
832;44;41;2337;1942;209;1795
1942;44;42;832;1562;650;905
1562;44;43;1942;1432;1817;1677
1432;44;44;1562;1072;2342;825
1072;44;45;1432;1860;723;2391
1860;44;46;1072;2058;1934;2279
2058;44;47;1860;1833;1422;1039
1833;44;48;2058;466;729;1697
466;44;49;1833;0;1389;1253
1767;45;0;0;2293;2026;1480
2293;45;1;1767;155;346;501
155;45;2;2293;2114;886;1896
2114;45;3;155;2282;435;2340
2282;45;4;2114;494;2433;2321
494;45;5;2282;1716;1169;2331
1716;45;6;494;978;2324;2348
978;45;7;1716;1190;1599;1053
1190;45;8;978;1759;1358;2493
1759;45;9;1190;912;1080;1834
912;45;10;1759;847;11;2175
847;45;11;912;734;1744;780
734;45;12;847;2361;1826;1959
2361;45;13;734;1773;218;2387
1773;45;14;2361;1077;2332;992
1077;45;15;1773;367;2187;326
367;45;16;1077;1147;1101;918
1147;45;17;367;1298;1051;1393
1298;45;18;1147;2086;1306;182
2086;45;19;1298;1;25;108
1;45;20;2086;569;2173;448
569;45;21;1;2384;1649;706
2384;45;22;569;1598;1952;1195
1598;45;23;2384;2452;1242;2408
2452;45;24;1598;2161;438;727
2161;45;25;2452;2464;2052;491
2464;45;26;2161;1666;1996;2251
1666;45;27;2464;2398;769;1547
2398;45;28;1666;1398;1678;1545
1398;45;29;2398;1711;630;2113
1711;45;30;1398;1129;1828;2084
1129;45;31;1711;1647;477;1602
1647;45;32;1129;2482;1126;1059
2482;45;33;1647;1485;2341;1201
1485;45;34;2482;537;2272;2099
537;45;35;1485;1351;591;502
1351;45;36;537;65;1073;1317
65;45;37;1351;1997;110;100
1997;45;38;65;531;1855;1323
531;45;39;1997;1435;935;2221
1435;45;40;531;1795;2337;937
1795;45;41;1435;905;832;1401
905;45;42;1795;1677;1942;1769
1677;45;43;905;825;1562;2027
825;45;44;1677;2391;1432;2495
2391;45;45;825;2279;1072;252
2279;45;46;2391;1039;1860;883
1039;45;47;2279;1697;2058;57
1697;45;48;1039;1253;1833;147
1253;45;49;1697;0;466;851
1480;46;0;0;501;1767;1929
501;46;1;1480;1896;2293;2405
1896;46;2;501;2340;155;1510
2340;46;3;1896;2321;2114;1724
2321;46;4;2340;2331;2282;194
2331;46;5;2321;2348;494;1692
2348;46;6;2331;1053;1716;311
1053;46;7;2348;2493;978;356
2493;46;8;1053;1834;1190;1255
1834;46;9;2493;2175;1759;1683
2175;46;10;1834;780;912;2196
780;46;11;2175;1959;847;1824
1959;46;12;780;2387;734;2092
2387;46;13;1959;992;2361;372
992;46;14;2387;326;1773;813
326;46;15;992;918;1077;268
918;46;16;326;1393;367;2409
1393;46;17;918;182;1147;485
182;46;18;1393;108;1298;1653
108;46;19;182;448;2086;588
448;46;20;108;706;1;1130
706;46;21;448;1195;569;2215
1195;46;22;706;2408;2384;1765
2408;46;23;1195;727;1598;17
727;46;24;2408;491;2452;661
491;46;25;727;2251;2161;842
2251;46;26;491;1547;2464;1945
1547;46;27;2251;1545;1666;903
1545;46;28;1547;2113;2398;2278
2113;46;29;1545;2084;1398;836
2084;46;30;2113;1602;1711;407
1602;46;31;2084;1059;1129;1514
1059;46;32;1602;1201;1647;2189
1201;46;33;1059;2099;2482;228
2099;46;34;1201;502;1485;1532
502;46;35;2099;1317;537;1399
1317;46;36;502;100;1351;226
100;46;37;1317;1323;65;858
1323;46;38;100;2221;1997;660
2221;46;39;1323;937;531;705
937;46;40;2221;1401;1435;519
1401;46;41;937;1769;1795;1937
1769;46;42;1401;2027;905;421
2027;46;43;1769;2495;1677;2374
2495;46;44;2027;252;825;455
252;46;45;2495;883;2391;1368
883;46;46;252;57;2279;2309
57;46;47;883;147;1039;2410
147;46;48;57;851;1697;1153
851;46;49;147;0;1253;231
1929;47;0;0;2405;1480;2053
2405;47;1;1929;1510;501;1976
1510;47;2;2405;1724;1896;1155
1724;47;3;1510;194;2340;1295
194;47;4;1724;1692;2321;1673
1692;47;5;194;311;2331;78
311;47;6;1692;356;2348;1460
356;47;7;311;1255;1053;1843
1255;47;8;356;1683;2493;522
1683;47;9;1255;2196;1834;917
2196;47;10;1683;1824;2175;396
1824;47;11;2196;2092;780;701
2092;47;12;1824;372;1959;400
372;47;13;2092;813;2387;1539
813;47;14;372;268;992;257
268;47;15;813;2409;326;2483
2409;47;16;268;485;918;2111
485;47;17;2409;1653;1393;1308
1653;47;18;485;588;182;578
588;47;19;1653;1130;108;1037
1130;47;20;588;2215;448;1256
2215;47;21;1130;1765;706;2009
1765;47;22;2215;17;1195;1506
17;47;23;1765;661;2408;674
661;47;24;17;842;727;1553
842;47;25;661;1945;491;1876
1945;47;26;842;903;2251;662
903;47;27;1945;2278;1547;2486
2278;47;28;903;836;1545;2496
836;47;29;2278;407;2113;222
407;47;30;836;1514;2084;1763
1514;47;31;407;2189;1602;301
2189;47;32;1514;228;1059;1835
228;47;33;2189;1532;1201;1173
1532;47;34;228;1399;2099;904
1399;47;35;1532;226;502;480
226;47;36;1399;858;1317;2258
858;47;37;226;660;100;1967
660;47;38;858;705;1323;437
705;47;39;660;519;2221;808
519;47;40;705;1937;937;1911
1937;47;41;519;421;1401;1043
421;47;42;1937;2374;1769;1102
2374;47;43;421;455;2027;715
455;47;44;2374;1368;2495;1680
1368;47;45;455;2309;252;221
2309;47;46;1368;2410;883;1208
2410;47;47;2309;1153;57;1523
1153;47;48;2410;231;147;2207
231;47;49;1153;0;851;1944
2053;48;0;0;1976;1929;164
1976;48;1;2053;1155;2405;1780
1155;48;2;1976;1295;1510;1180
1295;48;3;1155;1673;1724;1100
1673;48;4;1295;78;194;2420
78;48;5;1673;1460;1692;2032
1460;48;6;78;1843;311;390
1843;48;7;1460;522;356;1732
522;48;8;1843;917;1255;615
917;48;9;522;396;1683;1456
396;48;10;917;701;2196;751
701;48;11;396;400;1824;321
400;48;12;701;1539;2092;1141
1539;48;13;400;257;372;1224
257;48;14;1539;2483;813;447
2483;48;15;257;2111;268;1246
2111;48;16;2483;1308;2409;1321
1308;48;17;2111;578;485;334
578;48;18;1308;1037;1653;55
1037;48;19;578;1256;588;947
1256;48;20;1037;2009;1130;1839
2009;48;21;1256;1506;2215;369
1506;48;22;2009;674;1765;362
674;48;23;1506;1553;17;2217
1553;48;24;674;1876;661;191
1876;48;25;1553;662;842;441
662;48;26;1876;2486;1945;1348
2486;48;27;662;2496;903;2226
2496;48;28;2486;222;2278;1305
222;48;29;2496;1763;836;2241
1763;48;30;222;301;407;212
301;48;31;1763;1835;1514;756
1835;48;32;301;1173;2189;887
1173;48;33;1835;904;228;1586
904;48;34;1173;480;1532;1618
480;48;35;904;2258;1399;1822
2258;48;36;480;1967;226;837
1967;48;37;2258;437;858;786
437;48;38;1967;808;660;406
808;48;39;437;1911;705;651
1911;48;40;808;1043;519;1319
1043;48;41;1911;1102;1937;1285
1102;48;42;1043;715;421;700
715;48;43;1102;1680;2374;2379
1680;48;44;715;221;455;1873
221;48;45;1680;1208;1368;2275
1208;48;46;221;1523;2309;20
1523;48;47;1208;2207;2410;1071
2207;48;48;1523;1944;1153;248
1944;48;49;2207;0;231;898
164;49;0;0;1780;2053;0
1780;49;1;164;1180;1976;0
1180;49;2;1780;1100;1155;0
1100;49;3;1180;2420;1295;0
2420;49;4;1100;2032;1673;0
2032;49;5;2420;390;78;0
390;49;6;2032;1732;1460;0
1732;49;7;390;615;1843;0
615;49;8;1732;1456;522;0
1456;49;9;615;751;917;0
751;49;10;1456;321;396;0
321;49;11;751;1141;701;0
1141;49;12;321;1224;400;0
1224;49;13;1141;447;1539;0
447;49;14;1224;1246;257;0
1246;49;15;447;1321;2483;0
1321;49;16;1246;334;2111;0
334;49;17;1321;55;1308;0
55;49;18;334;947;578;0
947;49;19;55;1839;1037;0
1839;49;20;947;369;1256;0
369;49;21;1839;362;2009;0
362;49;22;369;2217;1506;0
2217;49;23;362;191;674;0
191;49;24;2217;441;1553;0
441;49;25;191;1348;1876;0
1348;49;26;441;2226;662;0
2226;49;27;1348;1305;2486;0
1305;49;28;2226;2241;2496;0
2241;49;29;1305;212;222;0
212;49;30;2241;756;1763;0
756;49;31;212;887;301;0
887;49;32;756;1586;1835;0
1586;49;33;887;1618;1173;0
1618;49;34;1586;1822;904;0
1822;49;35;1618;837;480;0
837;49;36;1822;786;2258;0
786;49;37;837;406;1967;0
406;49;38;786;651;437;0
651;49;39;406;1319;808;0
1319;49;40;651;1285;1911;0
1285;49;41;1319;700;1043;0
700;49;42;1285;2379;1102;0
2379;49;43;700;1873;715;0
1873;49;44;2379;2275;1680;0
2275;49;45;1873;20;221;0
20;49;46;2275;1071;1208;0
1071;49;47;20;248;1523;0
248;49;48;1071;898;2207;0
898;49;49;248;0;1944;0
