1;2500;50;50;true;true;true
237;0;0;0;2226;0;1315
2226;0;1;237;997;0;1601
997;0;2;2226;1331;0;57
1331;0;3;997;1005;0;65
1005;0;4;1331;1119;0;719
1119;0;5;1005;236;0;434
236;0;6;1119;26;0;1048
26;0;7;236;1097;0;1459
1097;0;8;26;777;0;1655
777;0;9;1097;1056;0;924
1056;0;10;777;1770;0;2378
1770;0;11;1056;1943;0;2264
1943;0;12;1770;631;0;2278
631;0;13;1943;1862;0;1260
1862;0;14;631;1823;0;2174
1823;0;15;1862;679;0;2236
679;0;16;1823;2339;0;779
2339;0;17;679;2337;0;1277
2337;0;18;2339;775;0;786
775;0;19;2337;413;0;279
413;0;20;775;349;0;25
349;0;21;413;749;0;2183
749;0;22;349;601;0;1089
601;0;23;749;1632;0;216
1632;0;24;601;1109;0;752
1109;0;25;1632;923;0;792
923;0;26;1109;2450;0;2053
2450;0;27;923;1664;0;1337
1664;0;28;2450;2041;0;112
2041;0;29;1664;1575;0;2353
1575;0;30;2041;1135;0;1039
1135;0;31;1575;1767;0;1814
1767;0;32;1135;1098;0;242
1098;0;33;1767;1493;0;29
1493;0;34;1098;2188;0;1225
2188;0;35;1493;1026;0;1849
1026;0;36;2188;1413;0;2134
1413;0;37;1026;1473;0;1504
1473;0;38;1413;2156;0;1121
2156;0;39;1473;943;0;2091
943;0;40;2156;1642;0;1442
1642;0;41;943;87;0;535
87;0;42;1642;214;0;337
214;0;43;87;433;0;2137
433;0;44;214;21;0;1609
21;0;45;433;2145;0;2149
2145;0;46;21;164;0;791
164;0;47;2145;858;0;841
858;0;48;164;2316;0;886
2316;0;49;858;0;0;1307
1315;1;0;0;1601;237;480
1601;1;1;1315;57;2226;2386
57;1;2;1601;65;997;358
65;1;3;57;719;1331;1881
719;1;4;65;434;1005;2498
434;1;5;719;1048;1119;1766
1048;1;6;434;1459;236;1835
1459;1;7;1048;1655;26;1621
1655;1;8;1459;924;1097;1544
924;1;9;1655;2378;777;1942
2378;1;10;924;2264;1056;2222
2264;1;11;2378;2278;1770;1033
2278;1;12;2264;1260;1943;2119
1260;1;13;2278;2174;631;1852
2174;1;14;1260;2236;1862;1051
2236;1;15;2174;779;1823;1654
779;1;16;2236;1277;679;1838
1277;1;17;779;786;2339;1273
786;1;18;1277;279;2337;1444
279;1;19;786;25;775;963
25;1;20;279;2183;413;907
2183;1;21;25;1089;349;723
1089;1;22;2183;216;749;1024
216;1;23;1089;752;601;1892
752;1;24;216;792;1632;1869
792;1;25;752;2053;1109;2329
2053;1;26;792;1337;923;2455
1337;1;27;2053;112;2450;328
112;1;28;1337;2353;1664;1302
2353;1;29;112;1039;2041;10
1039;1;30;2353;1814;1575;650
1814;1;31;1039;242;1135;1230
242;1;32;1814;29;1767;1293
29;1;33;242;1225;1098;644
1225;1;34;29;1849;1493;2001
1849;1;35;1225;2134;2188;702
2134;1;36;1849;1504;1026;179
1504;1;37;2134;1121;1413;1840
1121;1;38;1504;2091;1473;566
2091;1;39;1121;1442;2156;421
1442;1;40;2091;535;943;1466
535;1;41;1442;337;1642;1265
337;1;42;535;2137;87;1245
2137;1;43;337;1609;214;1861
1609;1;44;2137;2149;433;1405
2149;1;45;1609;791;21;1537
791;1;46;2149;841;2145;1052
841;1;47;791;886;164;1063
886;1;48;841;1307;858;1461
1307;1;49;886;0;2316;1256
480;2;0;0;2386;1315;1929
2386;2;1;480;358;1601;1719
358;2;2;2386;1881;57;50
1881;2;3;358;2498;65;125
2498;2;4;1881;1766;719;1859
1766;2;5;2498;1835;434;2358
1835;2;6;1766;1621;1048;109
1621;2;7;1835;1544;1459;17
1544;2;8;1621;1942;1655;809
1942;2;9;1544;2222;924;1934
2222;2;10;1942;1033;2378;737
1033;2;11;2222;2119;2264;79
2119;2;12;1033;1852;2278;1338
1852;2;13;2119;1051;1260;1619
1051;2;14;1852;1654;2174;1671
1654;2;15;1051;1838;2236;1386
1838;2;16;1654;1273;779;1102
1273;2;17;1838;1444;1277;1876
1444;2;18;1273;963;786;2064
963;2;19;1444;907;279;364
907;2;20;963;723;25;654
723;2;21;907;1024;2183;1644
1024;2;22;723;1892;1089;1107
1892;2;23;1024;1869;216;2038
1869;2;24;1892;2329;752;1139
2329;2;25;1869;2455;792;171
2455;2;26;2329;328;2053;2142
328;2;27;2455;1302;1337;1969
1302;2;28;328;10;112;1875
10;2;29;1302;650;2353;637
650;2;30;10;1230;1039;2297
1230;2;31;650;1293;1814;2256
1293;2;32;1230;644;242;1950
644;2;33;1293;2001;29;944
2001;2;34;644;702;1225;710
702;2;35;2001;179;1849;894
179;2;36;702;1840;2134;2165
1840;2;37;179;566;1504;1851
566;2;38;1840;421;1121;2489
421;2;39;566;1466;2091;1855
1466;2;40;421;1265;1442;1915
1265;2;41;1466;1245;535;148
1245;2;42;1265;1861;337;1262
1861;2;43;1245;1405;2137;2272
1405;2;44;1861;1537;1609;416
1537;2;45;1405;1052;2149;74
1052;2;46;1537;1063;791;1714
1063;2;47;1052;1461;841;1378
1461;2;48;1063;1256;886;757
1256;2;49;1461;0;1307;937
1929;3;0;0;1719;480;2025
1719;3;1;1929;50;2386;537
50;3;2;1719;125;358;1647
125;3;3;50;1859;1881;998
1859;3;4;125;2358;2498;767
2358;3;5;1859;109;1766;1760
109;3;6;2358;17;1835;821
17;3;7;109;809;1621;2432
809;3;8;17;1934;1544;1788
1934;3;9;809;737;1942;1349
737;3;10;1934;79;2222;14
79;3;11;737;1338;1033;1911
1338;3;12;79;1619;2119;2270
1619;3;13;1338;1671;1852;1713
1671;3;14;1619;1386;1051;1419
1386;3;15;1671;1102;1654;2497
1102;3;16;1386;1876;1838;2118
1876;3;17;1102;2064;1273;1215
2064;3;18;1876;364;1444;867
364;3;19;2064;654;963;1389
654;3;20;364;1644;907;395
1644;3;21;654;1107;723;1287
1107;3;22;1644;2038;1024;1773
2038;3;23;1107;1139;1892;1741
1139;3;24;2038;171;1869;1275
171;3;25;1139;2142;2329;1395
2142;3;26;171;1969;2455;716
1969;3;27;2142;1875;328;411
1875;3;28;1969;637;1302;1523
637;3;29;1875;2297;10;1390
2297;3;30;637;2256;650;523
2256;3;31;2297;1950;1230;688
1950;3;32;2256;944;1293;1242
944;3;33;1950;710;644;526
710;3;34;944;894;2001;1362
894;3;35;710;2165;702;1918
2165;3;36;894;1851;179;1447
1851;3;37;2165;2489;1840;991
2489;3;38;1851;1855;566;241
1855;3;39;2489;1915;421;2242
1915;3;40;1855;148;1466;209
148;3;41;1915;1262;1265;1549
1262;3;42;148;2272;1245;2412
2272;3;43;1262;416;1861;191
416;3;44;2272;74;1405;1703
74;3;45;416;1714;1537;1373
1714;3;46;74;1378;1052;976
1378;3;47;1714;757;1063;456
757;3;48;1378;937;1461;1679
937;3;49;757;0;1256;1923
2025;4;0;0;537;1929;503
537;4;1;2025;1647;1719;667
1647;4;2;537;998;50;294
998;4;3;1647;767;125;1418
767;4;4;998;1760;1859;2372
1760;4;5;767;821;2358;1540
821;4;6;1760;2432;109;2292
2432;4;7;821;1788;17;684
1788;4;8;2432;1349;809;692
1349;4;9;1788;14;1934;529
14;4;10;1349;1911;737;1458
1911;4;11;14;2270;79;2072
2270;4;12;1911;1713;1338;20
1713;4;13;2270;1419;1619;1154
1419;4;14;1713;2497;1671;2325
2497;4;15;1419;2118;1386;669
2118;4;16;2497;1215;1102;522
1215;4;17;2118;867;1876;594
867;4;18;1215;1389;2064;1430
1389;4;19;867;395;364;1853
395;4;20;1389;1287;654;484
1287;4;21;395;1773;1644;900
1773;4;22;1287;1741;1107;623
1741;4;23;1773;1275;2038;1250
1275;4;24;1741;1395;1139;344
1395;4;25;1275;716;171;1272
716;4;26;1395;411;2142;1258
411;4;27;716;1523;1969;1237
1523;4;28;411;1390;1875;1975
1390;4;29;1523;523;637;281
523;4;30;1390;688;2297;1734
688;4;31;523;1242;2256;787
1242;4;32;688;526;1950;835
526;4;33;1242;1362;944;157
1362;4;34;526;1918;710;2062
1918;4;35;1362;1447;894;479
1447;4;36;1918;991;2165;603
991;4;37;1447;241;1851;1346
241;4;38;991;2242;2489;70
2242;4;39;241;209;1855;1643
209;4;40;2242;1549;1915;2444
1549;4;41;209;2412;148;373
2412;4;42;1549;191;1262;2114
191;4;43;2412;1703;2272;621
1703;4;44;191;1373;416;1717
1373;4;45;1703;976;74;134
976;4;46;1373;456;1714;612
456;4;47;976;1679;1378;1721
1679;4;48;456;1923;757;874
1923;4;49;1679;0;937;1008
503;5;0;0;667;2025;2458
667;5;1;503;294;537;389
294;5;2;667;1418;1647;265
1418;5;3;294;2372;998;1985
2372;5;4;1418;1540;767;2191
1540;5;5;2372;2292;1760;1684
2292;5;6;1540;684;821;293
684;5;7;2292;692;2432;93
692;5;8;684;529;1788;966
529;5;9;692;1458;1349;1317
1458;5;10;529;2072;14;2257
2072;5;11;1458;20;1911;1300
20;5;12;2072;1154;2270;1204
1154;5;13;20;2325;1713;917
2325;5;14;1154;669;1419;64
669;5;15;2325;522;2497;401
522;5;16;669;594;2118;194
594;5;17;522;1430;1215;2395
1430;5;18;594;1853;867;630
1853;5;19;1430;484;1389;435
484;5;20;1853;900;395;2006
900;5;21;484;623;1287;1787
623;5;22;900;1250;1773;2083
1250;5;23;623;344;1741;1506
344;5;24;1250;1272;1275;192
1272;5;25;344;1258;1395;798
1258;5;26;1272;1237;716;2399
1237;5;27;1258;1975;411;1850
1975;5;28;1237;281;1523;2452
281;5;29;1975;1734;1390;379
1734;5;30;281;787;523;154
787;5;31;1734;835;688;132
835;5;32;787;157;1242;76
157;5;33;835;2062;526;1531
2062;5;34;157;479;1362;6
479;5;35;2062;603;1918;105
603;5;36;479;1346;1447;2317
1346;5;37;603;70;991;2104
70;5;38;1346;1643;241;2099
1643;5;39;70;2444;2242;137
2444;5;40;1643;373;209;1
373;5;41;2444;2114;1549;1673
2114;5;42;373;621;2412;1672
621;5;43;2114;1717;191;2135
1717;5;44;621;134;1703;1003
134;5;45;1717;612;1373;49
612;5;46;134;1721;976;406
1721;5;47;612;874;456;289
874;5;48;1721;1008;1679;1028
1008;5;49;874;0;1923;240
2458;6;0;0;389;503;90
389;6;1;2458;265;667;1432
265;6;2;389;1985;294;1145
1985;6;3;265;2191;1418;1968
2191;6;4;1985;1684;2372;1081
1684;6;5;2191;293;1540;2483
293;6;6;1684;93;2292;2128
93;6;7;293;966;684;169
966;6;8;93;1317;692;686
1317;6;9;966;2257;529;140
2257;6;10;1317;1300;1458;972
1300;6;11;2257;1204;2072;620
1204;6;12;1300;917;20;1515
917;6;13;1204;64;1154;1495
64;6;14;917;401;2325;1581
401;6;15;64;194;669;1628
194;6;16;401;2395;522;2210
2395;6;17;194;630;594;445
630;6;18;2395;435;1430;1976
435;6;19;630;2006;1853;1111
2006;6;20;435;1787;484;2093
1787;6;21;2006;2083;900;847
2083;6;22;1787;1506;623;2144
1506;6;23;2083;192;1250;1325
192;6;24;1506;798;344;1202
798;6;25;192;2399;1272;2075
2399;6;26;798;1850;1258;2157
1850;6;27;2399;2452;1237;608
2452;6;28;1850;379;1975;1600
379;6;29;2452;154;281;186
154;6;30;379;132;1734;1786
132;6;31;154;76;787;2367
76;6;32;132;1531;835;1347
1531;6;33;76;6;157;1214
6;6;34;1531;105;2062;2445
105;6;35;6;2317;479;634
2317;6;36;105;2104;603;1720
2104;6;37;2317;2099;1346;398
2099;6;38;2104;137;70;167
137;6;39;2099;1;1643;507
1;6;40;137;1673;2444;22
1673;6;41;1;1672;373;2304
1672;6;42;1673;2135;2114;67
2135;6;43;1672;1003;621;996
1003;6;44;2135;49;1717;1903
49;6;45;1003;406;134;314
406;6;46;49;289;612;1370
289;6;47;406;1028;1721;795
1028;6;48;289;240;874;625
240;6;49;1028;0;1008;71
90;7;0;0;1432;2458;632
1432;7;1;90;1145;389;2049
1145;7;2;1432;1968;265;838
1968;7;3;1145;1081;1985;275
1081;7;4;1968;2483;2191;2168
2483;7;5;1081;2128;1684;1890
2128;7;6;2483;169;293;1212
169;7;7;2128;686;93;2225
686;7;8;169;140;966;561
140;7;9;686;972;1317;1675
972;7;10;140;620;2257;2314
620;7;11;972;1515;1300;1125
1515;7;12;620;1495;1204;575
1495;7;13;1515;1581;917;1244
1581;7;14;1495;1628;64;464
1628;7;15;1581;2210;401;984
2210;7;16;1628;445;194;517
445;7;17;2210;1976;2395;2084
1976;7;18;445;1111;630;902
1111;7;19;1976;2093;435;1383
2093;7;20;1111;847;2006;1784
847;7;21;2093;2144;1787;1117
2144;7;22;847;1325;2083;810
1325;7;23;2144;1202;1506;1428
1202;7;24;1325;2075;192;1122
2075;7;25;1202;2157;798;1464
2157;7;26;2075;608;2399;348
608;7;27;2157;1600;1850;2113
1600;7;28;608;186;2452;2232
186;7;29;1600;1786;379;682
1786;7;30;186;2367;154;1602
2367;7;31;1786;1347;132;183
1347;7;32;2367;1214;76;1795
1214;7;33;1347;2445;1531;715
2445;7;34;1214;634;6;1510
634;7;35;2445;1720;105;1778
1720;7;36;634;398;2317;1764
398;7;37;1720;167;2104;145
167;7;38;398;507;2099;1629
507;7;39;167;22;137;1358
22;7;40;507;2304;1;1624
2304;7;41;22;67;1673;83
67;7;42;2304;996;1672;1825
996;7;43;67;1903;2135;1749
1903;7;44;996;314;1003;2413
314;7;45;1903;1370;49;1321
1370;7;46;314;795;406;1552
795;7;47;1370;625;289;2198
625;7;48;795;71;1028;2333
71;7;49;625;0;240;1782
632;8;0;0;2049;90;1002
2049;8;1;632;838;1432;1208
838;8;2;2049;275;1145;1156
275;8;3;838;2168;1968;2465
2168;8;4;275;1890;1081;1068
1890;8;5;2168;1212;2483;206
1212;8;6;1890;2225;2128;936
2225;8;7;1212;561;169;2360
561;8;8;2225;1675;686;219
1675;8;9;561;2314;140;1726
2314;8;10;1675;1125;972;2184
1125;8;11;2314;575;620;1014
575;8;12;1125;1244;1515;1348
1244;8;13;575;464;1495;1150
464;8;14;1244;984;1581;1577
984;8;15;464;517;1628;1790
517;8;16;984;2084;2210;1308
2084;8;17;517;902;445;1826
902;8;18;2084;1383;1976;2356
1383;8;19;902;1784;1111;1162
1784;8;20;1383;1117;2093;388
1117;8;21;1784;810;847;2382
810;8;22;1117;1428;2144;871
1428;8;23;810;1122;1325;1841
1122;8;24;1428;1464;1202;123
1464;8;25;1122;348;2075;573
348;8;26;1464;2113;2157;1043
2113;8;27;348;2232;608;677
2232;8;28;2113;682;1600;1606
682;8;29;2232;1602;186;1476
1602;8;30;682;183;1786;2310
183;8;31;1602;1795;2367;1513
1795;8;32;183;715;1347;1259
715;8;33;1795;1510;1214;971
1510;8;34;715;1778;2445;2392
1778;8;35;1510;1764;634;1297
1764;8;36;1778;145;1720;1327
145;8;37;1764;1629;398;2069
1629;8;38;145;1358;167;509
1358;8;39;1629;1624;507;1763
1624;8;40;1358;83;22;1587
83;8;41;1624;1825;2304;394
1825;8;42;83;1749;67;1527
1749;8;43;1825;2413;996;2417
2413;8;44;1749;1321;1903;666
1321;8;45;2413;1552;314;400
1552;8;46;1321;2198;1370;1971
2198;8;47;1552;2333;795;1178
2333;8;48;2198;1782;625;1200
1782;8;49;2333;0;71;794
1002;9;0;0;1208;632;844
1208;9;1;1002;1156;2049;452
1156;9;2;1208;2465;838;1435
2465;9;3;1156;1068;275;2451
1068;9;4;2465;206;2168;2299
206;9;5;1068;936;1890;108
936;9;6;206;2360;1212;843
2360;9;7;936;219;2225;189
219;9;8;2360;1726;561;1798
1726;9;9;219;2184;1675;2462
2184;9;10;1726;1014;2314;120
1014;9;11;2184;1348;1125;392
1348;9;12;1014;1150;575;680
1150;9;13;1348;1577;1244;866
1577;9;14;1150;1790;464;1000
1790;9;15;1577;1308;984;744
1308;9;16;1790;1826;517;40
1826;9;17;1308;2356;2084;212
2356;9;18;1826;1162;902;701
1162;9;19;2356;388;1383;784
388;9;20;1162;2382;1784;2224
2382;9;21;388;871;1117;182
871;9;22;2382;1841;810;141
1841;9;23;871;123;1428;973
123;9;24;1841;573;1122;586
573;9;25;123;1043;1464;782
1043;9;26;573;677;348;1955
677;9;27;1043;1606;2113;1445
1606;9;28;677;1476;2232;326
1476;9;29;1606;2310;682;239
2310;9;30;1476;1513;1602;271
1513;9;31;2310;1259;183;1103
1259;9;32;1513;971;1795;1073
971;9;33;1259;2392;715;1146
2392;9;34;971;1297;1510;1723
1297;9;35;2392;1327;1778;135
1327;9;36;1297;2069;1764;1614
2069;9;37;1327;509;145;404
509;9;38;2069;1763;1629;15
1763;9;39;509;1587;1358;1144
1587;9;40;1763;394;1624;577
394;9;41;1587;1527;83;1730
1527;9;42;394;2417;1825;934
2417;9;43;1527;666;1749;1423
666;9;44;2417;400;2413;381
400;9;45;666;1971;1321;896
1971;9;46;400;1178;1552;2379
1178;9;47;1971;1200;2198;1936
1200;9;48;1178;794;2333;567
794;9;49;1200;0;1782;370
844;10;0;0;452;1002;1698
452;10;1;844;1435;1208;173
1435;10;2;452;2451;1156;2067
2451;10;3;1435;2299;2465;1668
2299;10;4;2451;108;1068;371
108;10;5;2299;843;206;801
843;10;6;108;189;936;550
189;10;7;843;1798;2360;1326
1798;10;8;189;2462;219;1015
2462;10;9;1798;120;1726;490
120;10;10;2462;392;2184;1846
392;10;11;120;680;1014;1136
680;10;12;392;866;1348;361
866;10;13;680;1000;1150;332
1000;10;14;866;744;1577;266
744;10;15;1000;40;1790;2136
40;10;16;744;212;1308;2472
212;10;17;40;701;1826;2163
701;10;18;212;784;2356;1489
784;10;19;701;2224;1162;768
2224;10;20;784;182;388;1168
182;10;21;2224;141;2382;1332
141;10;22;182;973;871;747
973;10;23;141;586;1841;215
586;10;24;973;782;123;2245
782;10;25;586;1955;573;226
1955;10;26;782;1445;1043;662
1445;10;27;1955;326;677;1472
326;10;28;1445;239;1606;2295
239;10;29;326;271;1476;647
271;10;30;239;1103;2310;378
1103;10;31;271;1073;1513;1199
1073;10;32;1103;1146;1259;2019
1146;10;33;1073;1723;971;1938
1723;10;34;1146;135;2392;2178
135;10;35;1723;1614;1297;1223
1614;10;36;135;404;1327;488
404;10;37;1614;15;2069;1374
15;10;38;404;1144;509;2422
1144;10;39;15;577;1763;1639
577;10;40;1144;1730;1587;2081
1730;10;41;577;934;394;1335
934;10;42;1730;1423;1527;706
1423;10;43;934;381;2417;609
381;10;44;1423;896;666;1289
896;10;45;381;2379;400;367
2379;10;46;896;1936;1971;1940
1936;10;47;2379;567;1178;1160
567;10;48;1936;370;1200;1692
370;10;49;567;0;794;1810
1698;11;0;0;173;844;664
173;11;1;1698;2067;452;516
2067;11;2;173;1668;1435;1311
1668;11;3;2067;371;2451;931
371;11;4;1668;801;2299;2276
801;11;5;371;550;108;1236
550;11;6;801;1326;843;1927
1326;11;7;550;1015;189;1034
1015;11;8;1326;490;1798;369
490;11;9;1015;1846;2462;1946
1846;11;10;490;1136;120;1477
1136;11;11;1846;361;392;2170
361;11;12;1136;332;680;2071
332;11;13;361;266;866;1744
266;11;14;332;2136;1000;1842
2136;11;15;266;2472;744;465
2472;11;16;2136;2163;40;1769
2163;11;17;2472;1489;212;1735
1489;11;18;2163;768;701;2348
768;11;19;1489;1168;784;1401
1168;11;20;768;1332;2224;42
1332;11;21;1168;747;182;1090
747;11;22;1332;215;141;1194
215;11;23;747;2245;973;1065
2245;11;24;215;226;586;1234
226;11;25;2245;662;782;1397
662;11;26;226;1472;1955;1736
1472;11;27;662;2295;1445;941
2295;11;28;1472;647;326;1508
647;11;29;2295;378;239;658
378;11;30;647;1199;271;1292
1199;11;31;378;2019;1103;1727
2019;11;32;1199;1938;1073;44
1938;11;33;2019;2178;1146;2
2178;11;34;1938;1223;1723;1147
1223;11;35;2178;488;135;633
488;11;36;1223;1374;1614;1502
1374;11;37;488;2422;404;2042
2422;11;38;1374;1639;15;1216
1639;11;39;2422;2081;1144;2248
2081;11;40;1639;1335;577;1596
1335;11;41;2081;706;1730;1821
706;11;42;1335;609;934;333
609;11;43;706;1289;1423;96
1289;11;44;609;367;381;54
367;11;45;1289;1940;896;1776
1940;11;46;367;1160;2379;1962
1160;11;47;1940;1692;1936;84
1692;11;48;1160;1810;567;1525
1810;11;49;1692;0;370;2105
664;12;0;0;516;1698;1690
516;12;1;664;1311;173;499
1311;12;2;516;931;2067;1372
931;12;3;1311;2276;1668;718
2276;12;4;931;1236;371;617
1236;12;5;2276;1927;801;2459
1927;12;6;1236;1034;550;138
1034;12;7;1927;369;1326;2486
369;12;8;1034;1946;1015;131
1946;12;9;369;1477;490;2209
1477;12;10;1946;2170;1846;75
2170;12;11;1477;2071;1136;1407
2071;12;12;2170;1744;361;277
1744;12;13;2071;1842;332;1083
1842;12;14;1744;465;266;2228
465;12;15;1842;1769;2136;1496
1769;12;16;465;1735;2472;357
1735;12;17;1769;2348;2163;1711
2348;12;18;1735;1401;1489;635
1401;12;19;2348;42;768;2155
42;12;20;1401;1090;1168;903
1090;12;21;42;1194;1332;1402
1194;12;22;1090;1065;747;837
1065;12;23;1194;1234;215;1412
1234;12;24;1065;1397;2245;1006
1397;12;25;1234;1736;226;2461
1736;12;26;1397;941;662;869
941;12;27;1736;1508;1472;1456
1508;12;28;941;658;2295;2182
658;12;29;1508;1292;647;958
1292;12;30;658;1727;378;2365
1727;12;31;1292;44;1199;1106
44;12;32;1727;2;2019;1209
2;12;33;44;1147;1938;2456
1147;12;34;2;633;2178;1829
633;12;35;1147;1502;1223;1913
1502;12;36;633;2042;488;674
2042;12;37;1502;1216;1374;1908
1216;12;38;2042;2248;2422;498
2248;12;39;1216;1596;1639;1509
1596;12;40;2248;1821;2081;399
1821;12;41;1596;333;1335;833
333;12;42;1821;96;706;1924
96;12;43;333;54;609;2207
54;12;44;96;1776;1289;1854
1776;12;45;54;1962;367;2080
1962;12;46;1776;84;1940;930
84;12;47;1962;1525;1160;1737
1525;12;48;84;2105;1692;1882
2105;12;49;1525;0;1810;106
1690;13;0;0;499;664;947
499;13;1;1690;1372;516;1868
1372;13;2;499;718;1311;2108
718;13;3;1372;617;931;1064
617;13;4;718;2459;2276;597
2459;13;5;617;138;1236;1328
138;13;6;2459;2486;1927;1031
2486;13;7;138;131;1034;1910
131;13;8;2486;2209;369;47
2209;13;9;131;75;1946;387
75;13;10;2209;1407;1477;993
1407;13;11;75;277;2170;2362
277;13;12;1407;1083;2071;2201
1083;13;13;277;2228;1744;1105
2228;13;14;1083;1496;1842;152
1496;13;15;2228;357;465;2282
357;13;16;1496;1711;1769;2478
1711;13;17;357;635;1735;1453
635;13;18;1711;2155;2348;1351
2155;13;19;635;903;1401;2481
903;13;20;2155;1402;42;86
1402;13;21;903;837;1090;292
837;13;22;1402;1412;1194;1607
1412;13;23;837;1006;1065;471
1006;13;24;1412;2461;1234;766
2461;13;25;1006;869;1397;1299
869;13;26;2461;1456;1736;1995
1456;13;27;869;2182;941;1958
2182;13;28;1456;958;1508;2000
958;13;29;2182;2365;658;1480
2365;13;30;958;1106;1292;1488
1106;13;31;2365;1209;1727;1137
1209;13;32;1106;2456;44;2290
2456;13;33;1209;1829;2;1379
1829;13;34;2456;1913;1147;162
1913;13;35;1829;674;633;986
674;13;36;1913;1908;1502;1241
1908;13;37;674;498;2042;2308
498;13;38;1908;1509;1216;939
1509;13;39;498;399;2248;2496
399;13;40;1509;833;1596;1369
833;13;41;399;1924;1821;678
1924;13;42;833;2207;333;2186
2207;13;43;1924;1854;96;797
1854;13;44;2207;2080;54;2115
2080;13;45;1854;930;1776;2029
930;13;46;2080;1737;1962;444
1737;13;47;930;1882;84;2442
1882;13;48;1737;106;1525;1127
106;13;49;1882;0;2105;155
947;14;0;0;1868;1690;1791
1868;14;1;947;2108;499;2327
2108;14;2;1868;1064;1372;945
1064;14;3;2108;597;718;1905
597;14;4;1064;1328;617;296
1328;14;5;597;1031;2459;118
1031;14;6;1328;1910;138;708
1910;14;7;1031;47;2486;2008
47;14;8;1910;387;131;624
387;14;9;47;993;2209;1499
993;14;10;387;2362;75;359
2362;14;11;993;2201;1407;1541
2201;14;12;2362;1105;277;2181
1105;14;13;2201;152;1083;1952
152;14;14;1105;2282;2228;1404
2282;14;15;152;2478;1496;2457
2478;14;16;2282;1453;357;1733
1453;14;17;2478;1351;1711;1566
1351;14;18;1453;2481;635;901
2481;14;19;1351;86;2155;1991
86;14;20;2481;292;903;430
292;14;21;86;1607;1402;1252
1607;14;22;292;471;837;1388
471;14;23;1607;766;1412;2466
766;14;24;471;1299;1006;689
1299;14;25;766;1995;2461;481
1995;14;26;1299;1958;869;1974
1958;14;27;1995;2000;1456;170
2000;14;28;1958;1480;2182;743
1480;14;29;2000;1488;958;717
1488;14;30;1480;1137;2365;1704
1137;14;31;1488;2290;1106;848
2290;14;32;1137;1379;1209;921
1379;14;33;2290;162;2456;822
162;14;34;1379;986;1829;338
986;14;35;162;1241;1913;1309
1241;14;36;986;2308;674;2227
2308;14;37;1241;939;1908;1415
939;14;38;2308;2496;498;2241
2496;14;39;939;1369;1509;1845
1369;14;40;2496;678;399;1785
678;14;41;1369;2186;833;2312
2186;14;42;678;797;1924;755
797;14;43;2186;2115;2207;812
2115;14;44;797;2029;1854;2161
2029;14;45;2115;444;2080;687
444;14;46;2029;2442;930;613
2442;14;47;444;1127;1737;1173
1127;14;48;2442;155;1882;1016
155;14;49;1127;0;106;1271
1791;15;0;0;2327;947;1206
2327;15;1;1791;945;1868;2474
945;15;2;2327;1905;2108;2123
1905;15;3;945;296;1064;1931
296;15;4;1905;118;597;1694
118;15;5;296;708;1328;95
708;15;6;118;2008;1031;2255
2008;15;7;708;624;1910;2401
624;15;8;2008;1499;47;2318
1499;15;9;624;359;387;539
359;15;10;1499;1541;993;994
1541;15;11;359;2181;2362;1612
2181;15;12;1541;1952;2201;2265
1952;15;13;2181;1404;1105;1123
1404;15;14;1952;2457;152;2391
2457;15;15;1404;1733;2282;45
1733;15;16;2457;1566;2478;270
1566;15;17;1733;901;1453;1630
901;15;18;1566;1991;1351;374
1991;15;19;901;430;2481;1141
430;15;20;1991;1252;86;2288
1252;15;21;430;1388;292;1440
1388;15;22;1252;2466;1607;852
2466;15;23;1388;689;471;1877
689;15;24;2466;481;766;2089
481;15;25;689;1974;1299;691
1974;15;26;481;170;1995;496
170;15;27;1974;743;1958;926
743;15;28;170;717;2000;447
717;15;29;743;1704;1480;671
1704;15;30;717;848;1488;327
848;15;31;1704;921;1137;1889
921;15;32;848;822;2290;2286
822;15;33;921;338;1379;159
338;15;34;822;1309;162;598
1309;15;35;338;2227;986;1426
2227;15;36;1309;1415;1241;2473
1415;15;37;2227;2241;2308;2331
2241;15;38;1415;1845;939;530
1845;15;39;2241;1785;2496;2321
1785;15;40;1845;2312;1369;1455
2312;15;41;1785;755;678;2088
755;15;42;2312;812;2186;113
812;15;43;755;2161;797;283
2161;15;44;812;687;2115;2172
687;15;45;2161;613;2029;995
613;15;46;687;1173;444;704
1173;15;47;613;1016;2442;218
1016;15;48;1173;1271;1127;501
1271;15;49;1016;0;155;2289
1206;16;0;0;2474;1791;324
2474;16;1;1206;2123;2327;569
2123;16;2;2474;1931;945;2194
1931;16;3;2123;1694;1905;2214
1694;16;4;1931;95;296;449
95;16;5;1694;2255;118;2296
2255;16;6;95;2401;708;1319
2401;16;7;2255;2318;2008;439
2318;16;8;2401;539;624;1658
539;16;9;2318;994;1499;1314
994;16;10;539;1612;359;979
1612;16;11;994;2265;1541;1339
2265;16;12;1612;1123;2181;2070
1123;16;13;2265;2391;1952;676
2391;16;14;1123;45;1404;1748
45;16;15;2391;270;2457;1641
270;16;16;45;1630;1733;955
1630;16;17;270;374;1566;2259
374;16;18;1630;1141;901;1685
1141;16;19;374;2288;1991;142
2288;16;20;1141;1440;430;778
1440;16;21;2288;852;1252;727
852;16;22;1440;1877;1388;1797
1877;16;23;852;2089;2466;284
2089;16;24;1877;691;689;1922
691;16;25;2089;496;481;1425
496;16;26;691;926;1974;2121
926;16;27;496;447;170;1863
447;16;28;926;671;743;1438
671;16;29;447;327;717;665
327;16;30;671;1889;1704;1483
1889;16;31;327;2286;848;587
2286;16;32;1889;159;921;596
159;16;33;2286;598;822;1224
598;16;34;159;1426;338;213
1426;16;35;598;2473;1309;1645
2473;16;36;1426;2331;2227;1638
2331;16;37;2473;530;1415;1530
530;16;38;2331;2321;2241;419
2321;16;39;530;1455;1845;694
1455;16;40;2321;2088;1785;1282
2088;16;41;1455;113;2312;2234
113;16;42;2088;283;755;1320
283;16;43;113;2172;812;583
2172;16;44;283;995;2161;1446
995;16;45;2172;704;687;1183
704;16;46;995;218;613;2284
218;16;47;704;501;1173;453
501;16;48;218;2289;1016;1634
2289;16;49;501;0;1271;2037
324;17;0;0;569;1206;1247
569;17;1;324;2194;2474;2430
2194;17;2;569;2214;2123;1385
2214;17;3;2194;449;1931;855
449;17;4;2214;2296;1694;1689
2296;17;5;449;1319;95;422
1319;17;6;2296;439;2255;549
439;17;7;1319;1658;2401;1686
1658;17;8;439;1314;2318;1989
1314;17;9;1658;979;539;511
979;17;10;1314;1339;994;1084
1339;17;11;979;2070;1612;1873
2070;17;12;1339;676;2265;1207
676;17;13;2070;1748;1123;60
1748;17;14;676;1641;2391;570
1641;17;15;1748;955;45;616
955;17;16;1641;2259;270;730
2259;17;17;955;1685;1630;1811
1685;17;18;2259;142;374;1176
142;17;19;1685;778;1141;2335
778;17;20;142;727;2288;2269
727;17;21;778;1797;1440;442
1797;17;22;727;284;852;1687
284;17;23;1797;1922;1877;951
1922;17;24;284;1425;2089;1683
1425;17;25;1922;2121;691;1739
2121;17;26;1425;1863;496;910
1863;17;27;2121;1438;926;2453
1438;17;28;1863;665;447;98
665;17;29;1438;1483;671;66
1483;17;30;665;587;327;1617
587;17;31;1483;596;1889;1131
596;17;32;587;1224;2286;2203
1224;17;33;596;213;159;1267
213;17;34;1224;1645;598;1470
1645;17;35;213;1638;1426;2066
1638;17;36;1645;1530;2473;424
1530;17;37;1638;419;2331;1939
419;17;38;1530;694;530;1151
694;17;39;419;1282;2321;1818
1282;17;40;694;2234;1455;606
2234;17;41;1282;1320;2088;1674
1320;17;42;2234;583;113;592
583;17;43;1320;1446;283;203
1446;17;44;583;1183;2172;2212
1183;17;45;1446;2284;995;393
2284;17;46;1183;453;704;2096
453;17;47;2284;1634;218;1222
1634;17;48;453;2037;501;280
2037;17;49;1634;0;2289;463
1247;18;0;0;2430;324;989
2430;18;1;1247;1385;569;2138
1385;18;2;2430;855;2194;823
855;18;3;1385;1689;2214;611
1689;18;4;855;422;449;614
422;18;5;1689;549;2296;1449
549;18;6;422;1686;1319;2477
1686;18;7;549;1989;439;117
1989;18;8;1686;511;1658;742
511;18;9;1989;1084;1314;144
1084;18;10;511;1873;979;891
1873;18;11;1084;1207;1339;2223
1207;18;12;1873;60;2070;2171
60;18;13;1207;570;676;2385
570;18;14;60;616;1748;2490
616;18;15;570;730;1641;489
730;18;16;616;1811;955;563
1811;18;17;730;1176;2259;8
1176;18;18;1811;2335;1685;740
2335;18;19;1176;2269;142;264
2269;18;20;2335;442;778;1611
442;18;21;2269;1687;727;1352
1687;18;22;442;951;1797;414
951;18;23;1687;1683;284;1498
1683;18;24;951;1739;1922;1356
1739;18;25;1683;910;1425;1992
910;18;26;1739;2453;2121;2220
2453;18;27;910;98;1863;2151
98;18;28;2453;66;1438;2218
66;18;29;98;1617;665;27
1617;18;30;66;1131;1483;318
1131;18;31;1617;2203;587;857
2203;18;32;1131;1267;596;180
1267;18;33;2203;1470;1224;721
1470;18;34;1267;2066;213;469
2066;18;35;1470;424;1645;1932
424;18;36;2066;1939;1638;1011
1939;18;37;424;1151;1530;1159
1151;18;38;1939;1818;419;1248
1818;18;39;1151;606;694;2185
606;18;40;1818;1674;1282;1368
1674;18;41;606;592;2234;288
592;18;42;1674;203;1320;2394
203;18;43;592;2212;583;1166
2212;18;44;203;393;1446;2231
393;18;45;2212;2096;1183;1181
2096;18;46;393;1222;2284;1323
1222;18;47;2096;280;453;1434
280;18;48;1222;463;1634;753
463;18;49;280;0;2037;2112
989;19;0;0;2138;1247;1781
2138;19;1;989;823;2430;470
823;19;2;2138;611;1385;2050
611;19;3;823;614;855;774
614;19;4;611;1449;1689;1507
1449;19;5;614;2477;422;1816
2477;19;6;1449;117;549;1819
117;19;7;2477;742;1686;462
742;19;8;117;144;1989;1794
144;19;9;742;891;511;1263
891;19;10;144;2223;1084;1120
2223;19;11;891;2171;1873;1898
2171;19;12;2223;2385;1207;2010
2385;19;13;2171;2490;60;187
2490;19;14;2385;489;570;1667
489;19;15;2490;563;616;1722
563;19;16;489;8;730;200
8;19;17;563;740;1811;1134
740;19;18;8;264;1176;1716
264;19;19;740;1611;2335;119
1611;19;20;264;1352;2269;1406
1352;19;21;1611;414;442;339
414;19;22;1352;1498;1687;607
1498;19;23;414;1356;951;2447
1356;19;24;1498;1992;1683;1318
1992;19;25;1356;2220;1739;247
2220;19;26;1992;2151;910;2154
2151;19;27;2220;2218;2453;1729
2218;19;28;2151;27;98;553
27;19;29;2218;318;66;825
318;19;30;27;857;1617;1381
857;19;31;318;180;1131;1990
180;19;32;857;721;2203;832
721;19;33;180;469;1267;1700
469;19;34;721;1932;1470;365
1932;19;35;469;1011;2066;2051
1011;19;36;1932;1159;424;1548
1159;19;37;1011;1248;1939;660
1248;19;38;1159;2185;1151;547
2185;19;39;1248;1368;1818;24
1368;19;40;2185;288;606;1457
288;19;41;1368;2394;1674;1494
2394;19;42;288;1166;592;1980
1166;19;43;2394;2231;203;1680
2231;19;44;1166;1181;2212;771
1181;19;45;2231;1323;393;1359
1323;19;46;1181;1434;2096;1887
1434;19;47;1323;753;1222;543
753;19;48;1434;2112;280;208
2112;19;49;753;0;463;799
1781;20;0;0;470;989;300
470;20;1;1781;2050;2138;1471
2050;20;2;470;774;823;683
774;20;3;2050;1507;611;2230
1507;20;4;774;1816;614;584
1816;20;5;1507;1819;1449;1997
1819;20;6;1816;462;2477;770
462;20;7;1819;1794;117;2204
1794;20;8;462;1263;742;1460
1263;20;9;1794;1120;144;2196
1120;20;10;1263;1898;891;1896
1898;20;11;1120;2010;2223;1947
2010;20;12;1898;187;2171;1569
187;20;13;2010;1667;2385;116
1667;20;14;187;1722;2490;1953
1722;20;15;1667;200;489;2109
200;20;16;1722;1134;563;1914
1134;20;17;200;1716;8;1467
1716;20;18;1134;119;740;610
119;20;19;1716;1406;264;1597
1406;20;20;119;339;1611;2005
339;20;21;1406;607;1352;544
607;20;22;339;2447;414;2268
2447;20;23;607;1318;1498;1772
1318;20;24;2447;247;1356;1960
247;20;25;1318;2154;1992;1468
2154;20;26;247;1729;2220;1288
1729;20;27;2154;553;2151;2338
553;20;28;1729;825;2218;1651
825;20;29;553;1381;27;908
1381;20;30;825;1990;318;1059
1990;20;31;1381;832;857;731
832;20;32;1990;1700;180;839
1700;20;33;832;365;721;354
365;20;34;1700;2051;469;758
2051;20;35;365;1548;1932;977
1548;20;36;2051;660;1011;1780
660;20;37;1548;547;1159;2274
547;20;38;660;24;1248;355
24;20;39;547;1457;2185;1604
1457;20;40;24;1494;1368;286
1494;20;41;1457;1980;288;1514
1980;20;42;1494;1680;2394;28
1680;20;43;1980;771;1166;868
771;20;44;1680;1359;2231;1187
1359;20;45;771;1887;1181;2409
1887;20;46;1359;543;1323;2190
543;20;47;1887;208;1434;2283
208;20;48;543;799;753;309
799;20;49;208;0;2112;2377
300;21;0;0;1471;1781;1053
1471;21;1;300;683;470;562
683;21;2;1471;2230;2050;1964
2230;21;3;683;584;774;513
584;21;4;2230;1997;1507;2033
1997;21;5;584;770;1816;968
770;21;6;1997;2204;1819;2197
2204;21;7;770;1460;462;2141
1460;21;8;2204;2196;1794;405
2196;21;9;1460;1896;1263;62
1896;21;10;2196;1947;1120;2326
1947;21;11;1896;1569;1898;1226
1569;21;12;1947;116;2010;172
116;21;13;1569;1953;187;2492
1953;21;14;116;2109;1667;2361
2109;21;15;1953;1914;1722;748
1914;21;16;2109;1467;200;1871
1467;21;17;1914;610;1134;244
610;21;18;1467;1597;1716;565
1597;21;19;610;2005;119;2307
2005;21;20;1597;544;1406;1743
544;21;21;2005;2268;339;249
2268;21;22;544;1772;607;1376
1772;21;23;2268;1960;2447;802
1960;21;24;1772;1468;1318;1522
1468;21;25;1960;1288;247;1676
1288;21;26;1468;2338;2154;104
2338;21;27;1288;1651;1729;1937
1651;21;28;2338;908;553;321
908;21;29;1651;1059;825;2175
1059;21;30;908;731;1381;2074
731;21;31;1059;839;1990;2094
839;21;32;731;354;832;1235
354;21;33;839;758;1700;320
758;21;34;354;977;365;2349
977;21;35;758;1780;2051;1511
1780;21;36;977;2274;1548;1009
2274;21;37;1780;355;660;1582
355;21;38;2274;1604;547;726
1604;21;39;355;286;24;1828
286;21;40;1604;1514;1457;2052
1514;21;41;286;28;1494;455
28;21;42;1514;868;1980;53
868;21;43;28;1187;1680;2313
1187;21;44;868;2409;771;2028
2409;21;45;1187;2190;1359;2291
2190;21;46;2409;2283;1887;1978
2283;21;47;2190;309;543;1371
309;21;48;2283;2377;208;427
2377;21;49;309;0;799;2420
1053;22;0;0;562;300;61
562;22;1;1053;1964;1471;1670
1964;22;2;562;513;683;2357
513;22;3;1964;2033;2230;1796
2033;22;4;513;968;584;696
968;22;5;2033;2197;1997;885
2197;22;6;968;2141;770;714
2141;22;7;2197;405;2204;485
405;22;8;2141;62;1460;310
62;22;9;405;2326;2196;918
2326;22;10;62;1226;1896;1382
1226;22;11;2326;172;1947;756
172;22;12;1226;2492;1569;1463
2492;22;13;172;2361;116;1029
2361;22;14;2492;748;1953;246
748;22;15;2361;1871;2109;1831
1871;22;16;748;244;1914;1921
244;22;17;1871;565;1467;285
565;22;18;244;2307;610;796
2307;22;19;565;1743;1597;2162
1743;22;20;2307;249;2005;329
249;22;21;1743;1376;544;1355
1376;22;22;249;802;2268;1342
802;22;23;1376;1522;1772;2341
1522;22;24;802;1676;1960;85
1676;22;25;1522;104;1468;2352
104;22;26;1676;1937;1288;2464
1937;22;27;104;321;2338;1750
321;22;28;1937;2175;1651;1264
2175;22;29;321;2074;908;1707
2074;22;30;2175;2094;1059;1803
2094;22;31;2074;1235;731;1999
1235;22;32;2094;320;839;877
320;22;33;1235;2349;354;935
2349;22;34;320;1511;758;1421
1511;22;35;2349;1009;977;9
1009;22;36;1511;1582;1780;1377
1582;22;37;1009;726;2274;1329
726;22;38;1582;1828;355;1900
1828;22;39;726;2052;1604;1062
2052;22;40;1828;455;286;954
455;22;41;2052;53;1514;1752
53;22;42;455;2313;28;899
2313;22;43;53;2028;868;2244
2028;22;44;2313;2291;1187;1543
2291;22;45;2028;1978;2409;336
1978;22;46;2291;1371;2190;1280
1371;22;47;1978;427;2283;2030
427;22;48;1371;2420;309;467
2420;22;49;427;0;2377;1586
61;23;0;0;1670;1053;494
1670;23;1;61;2357;562;88
2357;23;2;1670;1796;1964;2418
1796;23;3;2357;696;513;82
696;23;4;1796;885;2033;655
885;23;5;696;714;968;1847
714;23;6;885;485;2197;2271
485;23;7;714;310;2141;1906
310;23;8;485;918;405;1080
918;23;9;310;1382;62;2485
1382;23;10;918;756;2326;2202
756;23;11;1382;1463;1226;1124
1463;23;12;756;1029;172;2213
1029;23;13;1463;246;2492;2294
246;23;14;1029;1831;2361;350
1831;23;15;246;1921;748;863
1921;23;16;1831;285;1871;476
285;23;17;1921;796;244;861
796;23;18;285;2162;565;1691
2162;23;19;796;329;2307;2449
329;23;20;2162;1355;1743;1433
1355;23;21;329;1342;249;165
1342;23;22;1355;2341;1376;2130
2341;23;23;1342;85;802;151
85;23;24;2341;2352;1522;2237
2352;23;25;85;2464;1676;69
2464;23;26;2352;1750;104;1093
1750;23;27;2464;1264;1937;914
1264;23;28;1750;1707;321;1399
1707;23;29;1264;1803;2175;922
1803;23;30;1707;1999;2074;739
1999;23;31;1803;877;2094;2426
877;23;32;1999;935;1235;160
935;23;33;877;1421;320;1902
1421;23;34;935;9;2349;2235
9;23;35;1421;1377;1511;911
1377;23;36;9;1329;1009;2078
1329;23;37;1377;1900;1582;2487
1900;23;38;1329;1062;726;377
1062;23;39;1900;954;1828;729
954;23;40;1062;1752;2052;1812
1752;23;41;954;899;455;783
899;23;42;1752;2244;53;1623
2244;23;43;899;1543;2313;415
1543;23;44;2244;336;2028;2260
336;23;45;1543;1280;2291;1699
1280;23;46;336;2030;1978;403
2030;23;47;1280;467;1371;1044
467;23;48;2030;1586;427;2281
1586;23;49;467;0;2420;1291
494;24;0;0;88;61;307
88;24;1;494;2418;1670;306
2418;24;2;88;82;2357;1004
82;24;3;2418;655;1796;1195
655;24;4;82;1847;696;127
1847;24;5;655;2271;885;2250
2271;24;6;1847;1906;714;2120
1906;24;7;2271;1080;485;2048
1080;24;8;1906;2485;310;2369
2485;24;9;1080;2202;918;1190
2202;24;10;2485;1124;1382;965
1124;24;11;2202;2213;756;1662
2213;24;12;1124;2294;1463;1554
2294;24;13;2213;350;1029;720
350;24;14;2294;863;246;1185
863;24;15;350;476;1831;2239
476;24;16;863;861;1921;781
861;24;17;476;1691;285;540
1691;24;18;861;2449;796;1578
2449;24;19;1691;1433;2162;2342
1433;24;20;2449;165;329;1591
165;24;21;1433;2130;1355;267
2130;24;22;165;151;1342;2079
151;24;23;2130;2237;2341;1865
2237;24;24;151;69;85;1592
69;24;25;2237;1093;2352;458
1093;24;26;69;914;2464;975
914;24;27;1093;1399;1750;161
1399;24;28;914;922;1264;2350
922;24;29;1399;739;1707;477
739;24;30;922;2426;1803;31
2426;24;31;739;160;1999;2408
160;24;32;2426;1902;877;820
1902;24;33;160;2235;935;897
2235;24;34;1902;911;1421;2280
911;24;35;2235;2078;9;652
2078;24;36;911;2487;1377;1657
2487;24;37;2078;377;1329;2354
377;24;38;2487;729;1900;255
729;24;39;377;1812;1062;1789
1812;24;40;729;783;954;1809
783;24;41;1812;1623;1752;1746
1623;24;42;783;415;899;2306
415;24;43;1623;2260;2244;1041
2260;24;44;415;1699;1543;2056
1699;24;45;2260;403;336;1391
403;24;46;1699;1044;1280;1916
1044;24;47;403;2281;2030;1420
2281;24;48;1044;1291;467;2460
1291;24;49;2281;0;1586;2132
307;25;0;0;306;494;233
306;25;1;307;1004;88;431
1004;25;2;306;1195;2418;1057
1195;25;3;1004;127;82;1172
127;25;4;1195;2250;655;2153
2250;25;5;127;2120;1847;2039
2120;25;6;2250;2048;2271;2034
2048;25;7;2120;2369;1906;1086
2369;25;8;2048;1190;1080;2179
1190;25;9;2369;965;2485;2300
965;25;10;1190;1662;2202;1330
1662;25;11;965;1554;1124;546
1554;25;12;1662;720;2213;129
720;25;13;1554;1185;2294;343
1185;25;14;720;2239;350;1529
2239;25;15;1185;781;863;1588
781;25;16;2239;540;476;2016
540;25;17;781;1578;861;1590
1578;25;18;540;2342;1691;1528
2342;25;19;1578;1591;2449;272
1591;25;20;2342;267;1433;195
267;25;21;1591;2079;165;887
2079;25;22;267;1865;2130;1824
1865;25;23;2079;1592;151;873
1592;25;24;1865;458;2237;1492
458;25;25;1592;975;69;1163
975;25;26;458;161;1093;1663
161;25;27;975;2350;914;1334
2350;25;28;161;477;1399;927
477;25;29;2350;31;922;2176
31;25;30;477;2408;739;2167
2408;25;31;31;820;2426;1475
820;25;32;2408;897;160;199
897;25;33;820;2280;1902;589
2280;25;34;897;652;2235;56
652;25;35;2280;1657;911;1740
1657;25;36;652;2354;2078;888
2354;25;37;1657;255;2487;1408
255;25;38;2354;1789;377;1967
1789;25;39;255;1809;729;1482
1809;25;40;1789;1746;1812;1799
1746;25;41;1809;2306;783;2421
2306;25;42;1746;1041;1623;845
1041;25;43;2306;2056;415;1970
2056;25;44;1041;1391;2260;177
1391;25;45;2056;1916;1699;859
1916;25;46;1391;1420;403;48
1420;25;47;1916;2460;1044;1366
2460;25;48;1420;2132;2281;1061
2132;25;49;2460;0;1291;2320
233;26;0;0;431;307;1350
431;26;1;233;1057;306;750
1057;26;2;431;1172;1004;615
1172;26;3;1057;2153;1195;1665
2153;26;4;1172;2039;127;2173
2039;26;5;2153;2034;2250;1550
2034;26;6;2039;1086;2120;1935
1086;26;7;2034;2179;2048;1143
2179;26;8;1086;2300;2369;1239
2300;26;9;2179;1330;1190;1161
1330;26;10;2300;546;965;429
546;26;11;1330;129;1662;2139
129;26;12;546;343;1554;382
343;26;13;129;1529;720;495
1529;26;14;343;1588;1185;1695
1588;26;15;1529;2016;2239;1170
2016;26;16;1588;1590;781;906
1590;26;17;2016;1528;540;557
1528;26;18;1590;272;1578;1557
272;26;19;1528;195;2342;651
195;26;20;272;887;1591;1400
887;26;21;195;1824;267;193
1824;26;22;887;873;2079;981
873;26;23;1824;1492;1865;1961
1492;26;24;873;1163;1592;815
1163;26;25;1492;1663;458;571
1663;26;26;1163;1334;975;1227
1334;26;27;1663;927;161;133
927;26;28;1334;2176;2350;1539
2176;26;29;927;2167;477;2189
2167;26;30;2176;1475;31;1813
1475;26;31;2167;199;2408;1944
199;26;32;1475;589;820;227
589;26;33;199;56;897;2098
56;26;34;589;1740;2280;298
1740;26;35;56;888;652;346
888;26;36;1740;1408;1657;7
1408;26;37;888;1967;2354;988
1967;26;38;1408;1482;255;1454
1482;26;39;1967;1799;1789;1360
1799;26;40;1482;2421;1809;201
2421;26;41;1799;845;1746;334
845;26;42;2421;1970;2306;1017
1970;26;43;845;177;1041;2206
177;26;44;1970;859;2056;1312
859;26;45;177;48;1391;409
48;26;46;859;1366;1916;541
1366;26;47;48;1061;1420;929
1061;26;48;1366;2320;2460;1078
2320;26;49;1061;0;2132;1007
1350;27;0;0;750;233;864
750;27;1;1350;615;431;2116
615;27;2;750;1665;1057;668
1665;27;3;615;2173;1172;1416
2173;27;4;1665;1550;2153;884
1550;27;5;2173;1935;2039;638
1935;27;6;1550;1143;2034;618
1143;27;7;1935;1239;1086;1490
1239;27;8;1143;1161;2179;2021
1161;27;9;1239;429;2300;2435
429;27;10;1161;2139;1330;1559
2139;27;11;429;382;546;432
382;27;12;2139;495;129;1088
495;27;13;382;1695;343;1130
1695;27;14;495;1170;1529;1174
1170;27;15;1695;906;1588;1879
906;27;16;1170;557;2016;1765
557;27;17;906;1557;1590;880
1557;27;18;557;651;1528;1524
651;27;19;1557;1400;272;1757
1400;27;20;651;193;195;1251
193;27;21;1400;981;887;2405
981;27;22;193;1961;1824;2388
1961;27;23;981;815;873;1966
815;27;24;1961;571;1492;2434
571;27;25;815;1227;1163;2140
1227;27;26;571;133;1663;1188
133;27;27;1227;1539;1334;390
1539;27;28;133;2189;927;999
2189;27;29;1539;1813;2176;578
1813;27;30;2189;1944;2167;919
1944;27;31;1813;227;1475;1023
227;27;32;1944;2098;199;1261
2098;27;33;227;298;589;970
298;27;34;2098;346;56;1954
346;27;35;298;7;1740;443
7;27;36;346;988;888;1182
988;27;37;7;1454;1408;915
1454;27;38;988;1360;1967;1233
1360;27;39;1454;201;1482;1979
201;27;40;1360;334;1799;960
334;27;41;201;1017;2421;892
1017;27;42;334;2206;845;2061
2206;27;43;1017;1312;1970;875
1312;27;44;2206;409;177;1585
409;27;45;1312;541;859;627
541;27;46;409;929;48;2446
929;27;47;541;1078;1366;1010
1078;27;48;929;1007;1061;185
1007;27;49;1078;0;2320;252
864;28;0;0;2116;1350;1257
2116;28;1;864;668;750;2086
668;28;2;2116;1416;615;639
1416;28;3;668;884;1665;1148
884;28;4;1416;638;2173;198
638;28;5;884;618;1550;115
618;28;6;638;1490;1935;1392
1490;28;7;618;2021;1143;1071
2021;28;8;1490;2435;1239;780
2435;28;9;2021;1559;1161;1045
1559;28;10;2435;432;429;1546
432;28;11;1559;1088;2139;1398
1088;28;12;432;1130;382;916
1130;28;13;1088;1174;495;1478
1174;28;14;1130;1879;1695;1677
1879;28;15;1174;1765;1170;2404
1765;28;16;1879;880;906;531
880;28;17;1765;1524;557;1762
1524;28;18;880;1757;1557;418
1757;28;19;1524;1251;651;1296
1251;28;20;1757;2405;1400;2322
2405;28;21;1251;2388;193;1832
2388;28;22;2405;1966;981;124
1966;28;23;2388;2434;1961;1930
2434;28;24;1966;2140;815;491
2140;28;25;2434;1188;571;1732
1188;28;26;2140;390;1227;554
390;28;27;1188;999;133;158
999;28;28;390;578;1539;486
578;28;29;999;919;2189;1310
919;28;30;578;1023;1813;1054
1023;28;31;919;1261;1944;2467
1261;28;32;1023;970;227;1153
970;28;33;1261;1954;2098;1653
1954;28;34;970;443;298;417
443;28;35;1954;1182;346;2013
1182;28;36;443;915;7;1941
915;28;37;1182;1233;988;493
1233;28;38;915;1979;1454;1040
1979;28;39;1233;960;1360;2302
960;28;40;1979;892;201;305
892;28;41;960;2061;334;1274
2061;28;42;892;875;1017;2150
875;28;43;2061;1585;2206;274
1585;28;44;875;627;1312;1284
627;28;45;1585;2446;409;2009
2446;28;46;627;1010;541;1709
1010;28;47;2446;185;929;2011
185;28;48;1010;252;1078;556
252;28;49;185;0;1007;2427
1257;29;0;0;2086;864;967
2086;29;1;1257;639;2116;819
639;29;2;2086;1148;668;1759
1148;29;3;639;198;1416;982
198;29;4;1148;115;884;1779
115;29;5;198;1392;638;262
1392;29;6;115;1071;618;2482
1071;29;7;1392;780;1490;1837
780;29;8;1071;1045;2021;2425
1045;29;9;780;1546;2435;2166
1546;29;10;1045;1398;1559;1925
1398;29;11;1546;916;432;1753
916;29;12;1398;1478;1088;769
1478;29;13;916;1677;1130;1808
1677;29;14;1478;2404;1174;1126
2404;29;15;1677;531;1879;51
531;29;16;2404;1762;1765;1857
1762;29;17;531;418;880;560
418;29;18;1762;1296;1524;1115
1296;29;19;418;2322;1757;340
2322;29;20;1296;1832;1251;18
1832;29;21;2322;124;2405;1625
124;29;22;1832;1930;2388;438
1930;29;23;124;491;1966;362
491;29;24;1930;1732;2434;2200
1732;29;25;491;554;2140;77
554;29;26;1732;158;1188;1758
158;29;27;554;486;390;114
486;29;28;158;1310;999;139
1310;29;29;486;1054;578;2340
1054;29;30;1310;2467;919;1345
2467;29;31;1054;1153;1023;1238
1153;29;32;2467;1653;1261;619
1653;29;33;1153;417;970;789
417;29;34;1653;2013;1954;953
2013;29;35;417;1941;443;1186
1941;29;36;2013;493;1182;1380
493;29;37;1941;1040;915;2148
1040;29;38;493;2302;1233;1396
2302;29;39;1040;305;1979;2015
305;29;40;2302;1274;960;1660
1274;29;41;305;2150;892;150
2150;29;42;1274;274;2061;1598
274;29;43;2150;1284;875;2397
1284;29;44;274;2009;1585;423
2009;29;45;1284;1709;627;1197
1709;29;46;2009;2011;2446;2004
2011;29;47;1709;556;1010;675
556;29;48;2011;2427;185;878
2427;29;49;556;0;252;2076
967;30;0;0;819;1257;2393
819;30;1;967;1759;2086;872
1759;30;2;819;982;639;1984
982;30;3;1759;1779;1148;2040
1779;30;4;982;262;198;1427
262;30;5;1779;2482;115;2249
2482;30;6;262;1837;1392;1201
1837;30;7;2482;2425;1071;1963
2425;30;8;1837;2166;780;1343
2166;30;9;2425;1925;1045;1036
1925;30;10;2166;1753;1546;2262
1753;30;11;1925;769;1398;1728
769;30;12;1753;1808;916;959
1808;30;13;769;1126;1478;983
1126;30;14;1808;51;1677;1561
51;30;15;1126;1857;2404;2187
1857;30;16;51;560;531;211
560;30;17;1857;1115;1762;724
1115;30;18;560;340;418;2258
340;30;19;1115;18;1296;2359
18;30;20;340;1625;2322;1519
1625;30;21;18;438;1832;2238
438;30;22;1625;362;124;1030
362;30;23;438;2200;1930;2082
2200;30;24;362;77;491;2169
77;30;25;2200;1758;1732;712
1758;30;26;77;114;554;36
114;30;27;1758;139;158;932
139;30;28;114;2340;486;851
2340;30;29;139;1345;1310;1179
1345;30;30;2340;1238;1054;1560
1238;30;31;1345;619;2467;248
619;30;32;1238;789;1153;454
789;30;33;619;953;1653;2046
953;30;34;789;1186;417;1648
1186;30;35;953;1380;2013;925
1380;30;36;1186;2148;1941;1878
2148;30;37;1380;1396;493;736
1396;30;38;2148;2015;1040;1129
2015;30;39;1396;1660;2302;2375
1660;30;40;2015;150;305;2387
150;30;41;1660;1598;1274;1551
1598;30;42;150;2397;2150;353
2397;30;43;1598;423;274;1755
423;30;44;2397;1197;1284;1112
1197;30;45;423;2004;2009;1626
2004;30;46;1197;675;1709;1883
675;30;47;2004;878;2011;2491
878;30;48;675;2076;556;772
2076;30;49;878;0;2427;990
2393;31;0;0;872;967;33
872;31;1;2393;1984;819;1184
1984;31;2;872;2040;1759;482
2040;31;3;1984;1427;982;101
1427;31;4;2040;2249;1779;1574
2249;31;5;1427;1201;262;1367
1201;31;6;2249;1963;2482;128
1963;31;7;1201;1343;1837;1077
1343;31;8;1963;1036;2425;2410
1036;31;9;1343;2262;2166;1805
2262;31;10;1036;1728;1925;13
1728;31;11;2262;959;1753;1945
959;31;12;1728;983;769;204
983;31;13;959;1561;1808;734
1561;31;14;983;2187;1126;261
2187;31;15;1561;211;51;920
211;31;16;2187;724;1857;1021
724;31;17;211;2258;560;59
2258;31;18;724;2359;1115;1571
2359;31;19;2258;1519;340;831
1519;31;20;2359;2238;18;705
2238;31;21;1519;1030;1625;2043
1030;31;22;2238;2082;438;985
2082;31;23;1030;2169;362;1116
2169;31;24;2082;712;2200;55
712;31;25;2169;36;77;1568
36;31;26;712;932;1758;407
932;31;27;36;851;114;217
851;31;28;932;1179;139;707
1179;31;29;851;1560;2340;1414
1560;31;30;1179;248;1345;582
248;31;31;1560;454;1238;41
454;31;32;248;2046;619;345
2046;31;33;454;1648;789;2129
1648;31;34;2046;925;953;376
925;31;35;1648;1878;1186;1503
1878;31;36;925;736;1380;2390
736;31;37;1878;1129;2148;1926
1129;31;38;736;2375;1396;788
2375;31;39;1129;2387;2015;2095
2387;31;40;2375;1551;1660;1394
1551;31;41;2387;353;150;898
353;31;42;1551;1755;1598;39
1755;31;43;353;1112;2397;386
1112;31;44;1755;1626;423;1836
1626;31;45;1112;1883;1197;1175
1883;31;46;1626;2491;2004;1603
2491;31;47;1883;772;675;722
772;31;48;2491;990;878;1269
990;31;49;772;0;2076;2205
33;32;0;0;1184;2393;1067
1184;32;1;33;482;872;1771
482;32;2;1184;101;1984;2328
101;32;3;482;1574;2040;1912
1574;32;4;101;1367;1427;732
1367;32;5;1574;128;2249;110
128;32;6;1367;1077;1201;181
1077;32;7;128;2410;1963;2475
2410;32;8;1077;1805;1343;46
1805;32;9;2410;13;1036;790
13;32;10;1805;1945;2262;207
1945;32;11;13;204;1728;1336
204;32;12;1945;734;959;622
734;32;13;204;261;983;1696
261;32;14;734;920;1561;591
920;32;15;261;1021;2187;1553
1021;32;16;920;59;211;1448
59;32;17;1021;1571;724;1140
1571;32;18;59;831;2258;542
831;32;19;1571;705;2359;854
705;32;20;831;2043;1519;893
2043;32;21;705;985;2238;514
985;32;22;2043;1116;1030;515
1116;32;23;985;55;2082;437
55;32;24;1116;1568;2169;1279
1568;32;25;55;407;712;2470
407;32;26;1568;217;36;1681
217;32;27;407;707;932;805
707;32;28;217;1414;851;1114
1414;32;29;707;582;1179;2077
582;32;30;1414;41;1560;1904
41;32;31;582;345;248;1800
345;32;32;41;2129;454;1774
2129;32;33;345;376;2046;487
376;32;34;2129;1503;1648;2018
1503;32;35;376;2390;925;1253
2390;32;36;1503;1926;1878;2437
1926;32;37;2390;788;736;1949
788;32;38;1926;2095;1129;2031
2095;32;39;788;1394;2375;2060
1394;32;40;2095;898;2387;260
898;32;41;1394;39;1551;564
39;32;42;898;386;353;2233
386;32;43;39;1836;1755;1884
1836;32;44;386;1175;1112;375
1175;32;45;1836;1603;1626;824
1603;32;46;1175;722;1883;836
722;32;47;1603;1269;2491;1108
1269;32;48;722;2205;772;478
2205;32;49;1269;0;990;1075
1067;33;0;0;1771;33;672
1771;33;1;1067;2328;1184;685
2328;33;2;1771;1912;482;2180
1912;33;3;2328;732;101;1066
732;33;4;1912;110;1574;1218
110;33;5;732;181;1367;1567
181;33;6;110;2475;128;1500
2475;33;7;181;46;1077;2389
46;33;8;2475;790;2410;1860
790;33;9;46;207;1805;2143
207;33;10;790;1336;13;2334
1336;33;11;207;622;1945;759
622;33;12;1336;1696;204;2229
1696;33;13;622;591;734;590
591;33;14;1696;1553;261;384
1553;33;15;591;1448;920;1491
1448;33;16;1553;1140;1021;2347
1140;33;17;1448;542;59;1977
542;33;18;1140;854;1571;1897
854;33;19;542;893;831;1019
893;33;20;854;514;705;2014
514;33;21;893;515;2043;1094
515;33;22;514;437;985;745
437;33;23;515;1279;1116;1678
1279;33;24;437;2470;55;527
2470;33;25;1279;1681;1568;1087
1681;33;26;2470;805;407;2017
805;33;27;1681;1114;217;2368
1114;33;28;805;2077;707;2424
2077;33;29;1114;1904;1414;2416
1904;33;30;2077;1800;582;2336
1800;33;31;1904;1774;41;450
1774;33;32;1800;487;345;1079
487;33;33;1774;2018;2129;1128
2018;33;34;487;1253;376;510
1253;33;35;2018;2437;1503;1403
2437;33;36;1253;1949;2390;52
1949;33;37;2437;2031;1926;440
2031;33;38;1949;2060;788;1542
2060;33;39;2031;260;2095;446
260;33;40;2060;564;1394;2044
564;33;41;260;2233;898;1203
2233;33;42;564;1884;39;1768
1884;33;43;2233;375;386;1618
375;33;44;1884;824;1836;35
824;33;45;375;836;1175;1469
836;33;46;824;1108;1603;938
1108;33;47;836;478;722;713
478;33;48;1108;1075;1269;111
1075;33;49;478;0;2205;1801
672;34;0;0;685;1067;2480
685;34;1;672;2180;1771;100
2180;34;2;685;1066;2328;793
1066;34;3;2180;1218;1912;396
1218;34;4;1066;1567;732;506
1567;34;5;1218;1500;110;1532
1500;34;6;1567;2389;181;576
2389;34;7;1500;1860;2475;253
1860;34;8;2389;2143;46;1573
2143;34;9;1860;2334;790;78
2334;34;10;2143;759;207;811
759;34;11;2334;2229;1336;1486
2229;34;12;759;590;622;1082
590;34;13;2229;384;1696;2381
384;34;14;590;1491;591;1037
1491;34;15;384;2347;1553;448
2347;34;16;1491;1977;1448;1099
1977;34;17;2347;1897;1140;1584
1897;34;18;1977;1019;542;1718
1019;34;19;1897;2014;854;1285
2014;34;20;1019;1094;893;1211
1094;34;21;2014;745;514;391
745;34;22;1094;1678;515;525
1678;34;23;745;527;437;1622
527;34;24;1678;1087;1279;302
1087;34;25;527;2017;2470;1907
2017;34;26;1087;2368;1681;536
2368;34;27;2017;2424;805;1410
2424;34;28;2368;2416;1114;2012
2416;34;29;2424;2336;2077;474
2336;34;30;2416;450;1904;1474
450;34;31;2336;1079;1800;2055
1079;34;32;450;1128;1774;92
1128;34;33;1079;510;487;251
510;34;34;1128;1403;2018;441
1403;34;35;510;52;1253;1193
52;34;36;1403;440;2437;643
440;34;37;52;1542;1949;230
1542;34;38;440;446;2031;2376
446;34;39;1542;2044;2060;636
2044;34;40;446;1203;260;363
1203;34;41;2044;1768;564;881
1768;34;42;1203;1618;2233;103
1618;34;43;1768;35;1884;1133
35;34;44;1618;1469;375;512
1469;34;45;35;938;824;764
938;34;46;1469;713;836;436
713;34;47;938;111;1108;1555
111;34;48;713;1801;478;178
1801;34;49;111;0;1075;1155
2480;35;0;0;100;672;1049
100;35;1;2480;793;685;147
793;35;2;100;396;2180;2443
396;35;3;793;506;1066;1919
506;35;4;396;1532;1218;1738
1532;35;5;506;576;1567;1240
576;35;6;1532;253;1500;763
253;35;7;576;1573;2389;32
1573;35;8;253;78;1860;1032
78;35;9;1573;811;2143;492
811;35;10;78;1486;2334;912
1486;35;11;811;1082;759;412
1082;35;12;1486;2381;2229;2027
2381;35;13;1082;1037;590;826
1037;35;14;2381;448;384;703
448;35;15;1037;1099;1491;853
1099;35;16;448;1584;2347;1501
1584;35;17;1099;1718;1977;762
1718;35;18;1584;1285;1897;964
1285;35;19;1718;1211;1019;460
1211;35;20;1285;391;2014;646
391;35;21;1211;525;1094;1058
525;35;22;391;1622;745;1885
1622;35;23;525;302;1678;1384
302;35;24;1622;1907;527;425
1907;35;25;302;536;1087;673
536;35;26;1907;1410;2017;2383
1410;35;27;536;2012;2368;1693
2012;35;28;1410;474;2424;2124
474;35;29;2012;1474;2416;1804
1474;35;30;474;2055;2336;1295
2055;35;31;1474;92;450;2471
92;35;32;2055;251;1079;800
251;35;33;92;441;1128;2007
441;35;34;251;1193;510;1462
1193;35;35;441;643;1403;1563
643;35;36;1193;230;52;347
230;35;37;643;2376;440;2330
2376;35;38;230;636;1542;2344
636;35;39;2376;363;446;5
363;35;40;636;881;2044;231
881;35;41;363;103;1203;1341
103;35;42;881;1133;1768;1579
1133;35;43;103;512;1618;188
512;35;44;1133;764;35;803
764;35;45;512;436;1469;2240
436;35;46;764;1555;938;1933
1555;35;47;436;178;713;1708
178;35;48;1555;1155;111;1613
1155;35;49;178;0;1801;1635
1049;36;0;0;147;2480;1158
147;36;1;1049;2443;100;640
2443;36;2;147;1919;793;1313
1919;36;3;2443;1738;396;1538
1738;36;4;1919;1240;506;1324
1240;36;5;1738;763;1532;2273
763;36;6;1240;32;576;1872
32;36;7;763;1032;253;2045
1032;36;8;32;492;1573;451
492;36;9;1032;912;78;1100
912;36;10;492;412;811;1965
412;36;11;912;2027;1486;814
2027;36;12;412;826;1082;879
826;36;13;2027;703;2381;316
703;36;14;826;853;1037;38
853;36;15;703;1501;448;220
1501;36;16;853;762;1099;2024
762;36;17;1501;964;1584;1688
964;36;18;762;460;1718;1042
460;36;19;964;646;1285;1986
646;36;20;460;1058;1211;99
1058;36;21;646;1885;391;1305
1885;36;22;1058;1384;525;89
1384;36;23;1885;425;1622;1920
425;36;24;1384;673;302;1479
673;36;25;425;2383;1907;1725
2383;36;26;673;1693;536;256
1693;36;27;2383;2124;1410;1521
2124;36;28;1693;1804;2012;1983
1804;36;29;2124;1295;474;895
1295;36;30;1804;2471;1474;1957
2471;36;31;1295;800;2055;695
800;36;32;2471;2007;92;232
2007;36;33;800;1462;251;785
1462;36;34;2007;1563;441;1867
1563;36;35;1462;347;1193;649
347;36;36;1563;2330;643;1988
2330;36;37;347;2344;230;1951
2344;36;38;2330;5;2376;1192
5;36;39;2344;231;636;276
231;36;40;5;1341;363;1465
1341;36;41;231;1579;881;1177
1579;36;42;1341;188;103;342
188;36;43;1579;803;1133;1487
803;36;44;188;2240;512;1839
2240;36;45;803;1933;764;1870
1933;36;46;2240;1708;436;1526
1708;36;47;1933;1613;1555;2211
1613;36;48;1708;1635;178;1481
1635;36;49;1613;0;1155;2253
1158;37;0;0;640;1049;1164
640;37;1;1158;1313;147;602
1313;37;2;640;1538;2443;43
1538;37;3;1313;1324;1919;1562
1324;37;4;1538;2273;1738;269
2273;37;5;1324;1872;1240;2254
1872;37;6;2273;2045;763;225
2045;37;7;1872;451;32;94
451;37;8;2045;1100;1032;2419
1100;37;9;451;1965;492;1886
1965;37;10;1100;814;912;146
814;37;11;1965;879;412;528
879;37;12;814;316;2027;2468
316;37;13;879;38;826;1661
38;37;14;316;220;703;1866
220;37;15;38;2024;853;2431
2024;37;16;220;1688;1501;2054
1688;37;17;2024;1042;762;1536
1042;37;18;1688;1986;964;961
1986;37;19;1042;99;460;356
99;37;20;1986;1305;646;1981
1305;37;21;99;89;1058;1712
89;37;22;1305;1920;1885;697
1920;37;23;89;1479;1384;913
1479;37;24;1920;1725;425;122
1725;37;25;1479;256;673;1710
256;37;26;1725;1521;2383;2127
1521;37;27;256;1983;1693;2414
1983;37;28;1521;895;2124;2020
895;37;29;1983;1957;1804;1441
1957;37;30;895;695;1295;163
695;37;31;1957;232;2471;174
232;37;32;695;785;800;1439
785;37;33;232;1867;2007;2133
1867;37;34;785;649;1462;63
649;37;35;1867;1988;1563;2429
1988;37;36;649;1951;347;952
1951;37;37;1988;1192;2330;1060
1192;37;38;1951;276;2344;126
276;37;39;1192;1465;5;2364
1465;37;40;276;1177;231;1035
1177;37;41;1465;342;1341;2065
342;37;42;1177;1487;1579;1353
1487;37;43;342;1839;188;552
1839;37;44;1487;1870;803;1864
1870;37;45;1839;1526;2240;1649
1526;37;46;1870;2211;1933;2476
2211;37;47;1526;1481;1708;1705
1481;37;48;2211;2253;1613;1533
2253;37;49;1481;0;1635;628
1164;38;0;0;602;1158;1754
602;38;1;1164;43;640;2494
43;38;2;602;1562;1313;1357
1562;38;3;43;269;1538;889
269;38;4;1562;2254;1324;604
2254;38;5;269;225;2273;2440
225;38;6;2254;94;1872;1843
94;38;7;225;2419;2045;1848
2419;38;8;94;1886;451;312
1886;38;9;2419;146;1100;1231
146;38;10;1886;528;1965;121
528;38;11;146;2468;814;957
2468;38;12;528;1661;879;72
1661;38;13;2468;1866;316;1874
1866;38;14;1661;2431;38;1656
2431;38;15;1866;2054;220;773
2054;38;16;2431;1536;2024;420
1536;38;17;2054;961;1688;1917
961;38;18;1536;356;1042;304
356;38;19;961;1981;1986;2319
1981;38;20;356;1712;99;524
1712;38;21;1981;697;1305;1615
697;38;22;1712;913;89;372
913;38;23;697;122;1920;700
122;38;24;913;1710;1479;2097
1710;38;25;122;2127;1725;1249
2127;38;26;1710;2414;256;1191
2414;38;27;2127;2020;1521;1595
2020;38;28;2414;1441;1983;1793
1441;38;29;2020;163;895;1637
163;38;30;1441;174;1957;2068
174;38;31;163;1439;695;1180
1439;38;32;174;2133;232;599
2133;38;33;1439;63;785;1012
63;38;34;2133;2429;1867;1747
2429;38;35;63;952;649;1830
952;38;36;2429;1060;1988;518
1060;38;37;952;126;1951;849
126;38;38;1060;2364;1192;317
2364;38;39;126;1035;276;2287
1035;38;40;2364;2065;1465;1982
2065;38;41;1035;1353;1177;1761
1353;38;42;2065;552;342;4
552;38;43;1353;1864;1487;2279
1864;38;44;552;1649;1839;1899
1649;38;45;1864;2476;1870;698
2476;38;46;1649;1705;1526;559
1705;38;47;2476;1533;2211;1751
1533;38;48;1705;628;1481;428
628;38;49;1533;0;2253;1827
1754;39;0;0;2494;1164;1901
2494;39;1;1754;1357;602;2315
1357;39;2;2494;889;43;1047
889;39;3;1357;604;1562;629
604;39;4;889;2440;269;2277
2440;39;5;604;1843;2254;572
1843;39;6;2440;1848;225;210
1848;39;7;1843;312;94;2147
312;39;8;1848;1231;2419;290
1231;39;9;312;121;1886;1777
121;39;10;1231;957;146;2398
957;39;11;121;72;528;360
72;39;12;957;1874;2468;656
1874;39;13;72;1656;1661;1484
1656;39;14;1874;773;1866;2263
773;39;15;1656;420;2431;1834
420;39;16;773;1917;2054;942
1917;39;17;420;304;1536;3
304;39;18;1917;2319;961;834
2319;39;19;304;524;356;224
524;39;20;2319;1615;1981;2122
1615;39;21;524;372;1712;693
372;39;22;1615;700;697;1909
700;39;23;372;2097;913;593
2097;39;24;700;1249;122;1570
1249;39;25;2097;1191;1710;291
1191;39;26;1249;1595;2127;1074
1595;39;27;1191;1793;2414;2117
1793;39;28;1595;1637;2020;1631
1637;39;29;1793;2068;1441;1298
2068;39;30;1637;1180;163;222
1180;39;31;2068;599;174;870
599;39;32;1180;1012;1439;2463
1012;39;33;599;1747;2133;258
1747;39;34;1012;1830;63;2345
1830;39;35;1747;518;2429;238
518;39;36;1830;849;952;263
849;39;37;518;317;1060;2332
317;39;38;849;2287;126;2126
2287;39;39;317;1982;2364;1152
1982;39;40;2287;1761;1035;545
1761;39;41;1982;4;2065;2160
4;39;42;1761;2279;1353;184
2279;39;43;4;1899;552;250
1899;39;44;2279;698;1864;1229
698;39;45;1899;559;1649;876
559;39;46;698;1751;2476;2499
1751;39;47;559;428;1705;746
428;39;48;1751;1827;1533;2311
1827;39;49;428;0;628;1169
1901;40;0;0;2315;1754;1255
2315;40;1;1901;1047;2494;2448
1047;40;2;2315;629;1357;1745
629;40;3;1047;2277;889;2370
2277;40;4;629;572;604;548
572;40;5;2277;210;2440;34
210;40;6;572;2147;1843;1290
2147;40;7;210;290;1848;502
290;40;8;2147;1777;312;1973
1777;40;9;290;2398;1231;555
2398;40;10;1777;360;121;1333
360;40;11;2398;656;957;1956
656;40;12;360;1484;72;1452
1484;40;13;656;2263;1874;1610
2263;40;14;1484;1834;1656;2411
1834;40;15;2263;942;773;519
942;40;16;1834;3;420;1196
3;40;17;942;834;1917;709
834;40;18;3;224;304;2125
224;40;19;834;2122;2319;1682
2122;40;20;224;693;524;1724
693;40;21;2122;1909;1615;1589
1909;40;22;693;593;372;1822
593;40;23;1909;1570;700;2103
1570;40;24;593;291;2097;860
291;40;25;1570;1074;1249;1731
1074;40;26;291;2117;1191;303
2117;40;27;1074;1631;1595;568
1631;40;28;2117;1298;1793;2057
1298;40;29;1631;222;1637;1076
222;40;30;1298;870;2068;626
870;40;31;222;2463;1180;1085
2463;40;32;870;258;599;1583
258;40;33;2463;2345;1012;1518
2345;40;34;258;238;1747;1972
238;40;35;2345;263;1830;1616
263;40;36;238;2332;518;2100
2332;40;37;263;2126;849;1344
2126;40;38;2332;1152;317;1361
1152;40;39;2126;545;2287;2246
545;40;40;1152;2160;1982;1706
2160;40;41;545;184;1761;1512
184;40;42;2160;250;4;1650
250;40;43;184;1229;2279;1189
1229;40;44;250;876;1899;1055
876;40;45;1229;2499;698;2293
2499;40;46;876;746;559;457
746;40;47;2499;2311;1751;1091
2311;40;48;746;1169;428;319
1169;40;49;2311;0;1827;2298
1255;41;0;0;2448;1901;1565
2448;41;1;1255;1745;2315;1806
1745;41;2;2448;2370;1047;1306
2370;41;3;1745;548;629;890
548;41;4;2370;34;2277;2371
34;41;5;548;1290;572;2351
1290;41;6;34;502;210;80
502;41;7;1290;1973;2147;2301
1973;41;8;502;555;290;308
555;41;9;1973;1333;1777;1303
1333;41;10;555;1956;2398;882
1956;41;11;1333;1452;360;595
1452;41;12;1956;1610;656;322
1610;41;13;1452;2411;1484;751
2411;41;14;1610;519;2263;130
519;41;15;2411;1196;1834;58
1196;41;16;519;709;942;11
709;41;17;1196;2125;3;1742
2125;41;18;709;1682;834;2266
1682;41;19;2125;1724;224;728
1724;41;20;1682;1589;2122;987
1589;41;21;1724;1822;693;840
1822;41;22;1589;2103;1909;1545
2103;41;23;1822;860;593;2400
860;41;24;2103;1731;1570;1132
1731;41;25;860;303;291;37
303;41;26;1731;568;1074;1294
568;41;27;303;2057;2117;585
2057;41;28;568;1076;1631;2192
1076;41;29;2057;626;1298;2035
626;41;30;1076;1085;222;1593
1085;41;31;626;1583;870;2058
1583;41;32;1085;1518;2463;807
1518;41;33;1583;1972;258;2373
1972;41;34;1518;1616;2345;950
1616;41;35;1972;2100;238;808
2100;41;36;1616;1344;263;1792
1344;41;37;2100;1361;2332;940
1361;41;38;1344;2246;2126;1363
2246;41;39;1361;1706;1152;828
1706;41;40;2246;1512;545;928
1512;41;41;1706;1650;2160;776
1650;41;42;1512;1189;184;648
1189;41;43;1650;1055;250;2380
1055;41;44;1189;2293;1229;380
2293;41;45;1055;457;876;1888
457;41;46;2293;1091;2499;2402
1091;41;47;457;319;746;645
319;41;48;1091;2298;2311;956
2298;41;49;319;0;1169;254
1565;42;0;0;1806;1255;190
1806;42;1;1565;1306;2448;690
1306;42;2;1806;890;1745;287
890;42;3;1306;2371;2370;202
2371;42;4;890;2351;548;1219
2351;42;5;2371;80;34;228
80;42;6;2351;2301;1290;1276
2301;42;7;80;308;502;883
308;42;8;2301;1303;1973;1286
1303;42;9;308;882;555;473
882;42;10;1303;595;1333;2488
595;42;11;882;322;1956;2484
322;42;12;595;751;1452;68
751;42;13;322;130;1610;505
130;42;14;751;58;2411;2219
58;42;15;130;11;519;2032
11;42;16;58;1742;1196;196
1742;42;17;11;2266;709;846
2266;42;18;1742;728;2125;2441
728;42;19;2266;987;1682;765
987;42;20;728;840;1724;1640
840;42;21;987;1545;1589;2423
1545;42;22;840;2400;1822;1802
2400;42;23;1545;1132;2103;2324
1132;42;24;2400;37;860;1599
37;42;25;1132;1294;1731;663
1294;42;26;37;585;303;1411
585;42;27;1294;2192;568;2193
2192;42;28;585;2035;2057;385
2035;42;29;2192;1593;1076;2023
1593;42;30;2035;2058;626;1893
2058;42;31;1593;807;1085;1095
807;42;32;2058;2373;1583;1431
2373;42;33;807;950;1518;905
950;42;34;2373;808;1972;2247
808;42;35;950;1792;1616;301
1792;42;36;808;940;2100;221
940;42;37;1792;1363;1344;1959
1363;42;38;940;828;1361;1505
828;42;39;1363;928;2246;532
928;42;40;828;776;1706;1652
776;42;41;928;648;1512;1659
648;42;42;776;2380;1650;1110
2380;42;43;648;380;1189;2363
380;42;44;2380;1888;1055;2159
1888;42;45;380;2402;2293;197
2402;42;46;1888;645;457;1001
645;42;47;2402;956;1091;2384
956;42;48;645;254;319;1547
254;42;49;956;0;2298;466
190;43;0;0;690;1565;2251
690;43;1;190;287;1806;2469
287;43;2;690;202;1306;2087
202;43;3;287;1219;890;1013
1219;43;4;202;228;2371;97
228;43;5;1219;1276;2351;580
1276;43;6;228;883;80;754
883;43;7;1276;1286;2301;1101
1286;43;8;883;473;308;1556
473;43;9;1286;2488;1303;107
2488;43;10;473;2484;882;1608
2484;43;11;2488;68;595;1697
68;43;12;2484;505;322;1756
505;43;13;68;2219;751;297
2219;43;14;505;2032;130;341
2032;43;15;2219;196;58;659
196;43;16;2032;846;11;1322
846;43;17;196;2441;1742;351
2441;43;18;846;765;2266;1715
765;43;19;2441;1640;728;1243
1640;43;20;765;2423;987;136
2423;43;21;1640;1802;840;1520
1802;43;22;2423;2324;1545;282
2324;43;23;1802;1599;2400;19
1599;43;24;2324;663;1132;1283
663;43;25;1599;1411;37;856
1411;43;26;663;2193;1294;738
2193;43;27;1411;385;585;558
385;43;28;2193;2023;2192;2047
2023;43;29;385;1893;2035;2415
1893;43;30;2023;1095;1593;2164
1095;43;31;1893;1431;2058;1605
1431;43;32;1095;905;807;2252
905;43;33;1431;2247;2373;813
2247;43;34;905;301;950;581
301;43;35;2247;221;808;168
221;43;36;301;1959;1792;533
1959;43;37;221;1505;940;1858
1505;43;38;1959;532;1363;315
532;43;39;1505;1652;828;1246
1652;43;40;532;1659;928;235
1659;43;41;1652;1110;776;842
1110;43;42;1659;2363;648;2102
2363;43;43;1110;2159;2380;1266
2159;43;44;2363;197;380;2428
197;43;45;2159;1001;1888;1254
1001;43;46;197;2384;2402;818
2384;43;47;1001;1547;645;1594
1547;43;48;2384;466;956;2438
466;43;49;1547;0;254;1701
2251;44;0;0;2469;190;1270
2469;44;1;2251;2087;690;229
2087;44;2;2469;1013;287;1576
1013;44;3;2087;97;202;410
97;44;4;1013;580;1219;383
580;44;5;97;754;228;1844
754;44;6;580;1101;1276;1138
1101;44;7;754;1556;883;143
1556;44;8;1101;107;1286;335
107;44;9;1556;1608;473;1050
1608;44;10;107;1697;2488;521
1697;44;11;1608;1756;2484;1534
1756;44;12;1697;297;68;402
297;44;13;1756;341;505;670
341;44;14;297;659;2219;2407
659;44;15;341;1322;2032;804
1322;44;16;659;351;196;1856
351;44;17;1322;1715;846;1228
1715;44;18;351;1243;2441;1304
1243;44;19;1715;136;765;2111
136;44;20;1243;1520;1640;699
1520;44;21;136;282;2423;2092
282;44;22;1520;19;1802;366
19;44;23;282;1283;2324;2343
1283;44;24;19;856;1599;472
856;44;25;1283;738;663;1022
738;44;26;856;558;1411;1422
558;44;27;738;2047;2193;538
2047;44;28;558;2415;385;1820
2415;44;29;2047;2164;2023;1516
2164;44;30;2415;1605;1893;1217
1605;44;31;2164;2252;1095;1375
2252;44;32;1605;813;1431;1894
813;44;33;2252;581;905;862
581;44;34;813;168;2247;1046
168;44;35;581;533;301;1558
533;44;36;168;1858;221;1564
1858;44;37;533;315;1959;2221
315;44;38;1858;1246;1505;949
1246;44;39;315;235;532;1666
235;44;40;1246;842;1652;806
842;44;41;235;2102;1659;2146
2102;44;42;842;1266;1110;2022
1266;44;43;2102;2428;2363;661
2428;44;44;1266;1254;2159;2215
1254;44;45;2428;818;197;1281
818;44;46;1254;1594;1001;1096
1594;44;47;818;2438;2384;1070
2438;44;48;1594;1701;1547;2323
1701;44;49;2438;0;466;2063
1270;45;0;0;229;2251;2059
229;45;1;1270;1576;2469;1365
1576;45;2;229;410;2087;969
410;45;3;1576;383;1013;2106
383;45;4;410;1844;97;2305
1844;45;5;383;1138;580;1817
1138;45;6;1844;143;754;1451
143;45;7;1138;335;1101;653
335;45;8;143;1050;1556;1072
1050;45;9;335;521;107;1928
521;45;10;1050;1534;1608;579
1534;45;11;521;402;1697;175
402;45;12;1534;670;1756;1633
670;45;13;402;2407;297;2439
2407;45;14;670;804;341;205
804;45;15;2407;1856;659;829
1856;45;16;804;1228;1322;1517
1228;45;17;1856;1304;351;1994
1304;45;18;1228;2111;1715;475
2111;45;19;1304;699;1243;2158
699;45;20;2111;2092;136;468
2092;45;21;699;366;1520;1833
366;45;22;2092;2343;282;2479
2343;45;23;366;472;19;711
472;45;24;2343;1022;1283;741
1022;45;25;472;1422;856;2406
1422;45;26;1022;538;738;1278
538;45;27;1422;1820;558;2309
1820;45;28;538;1516;2047;1232
1516;45;29;1820;1217;2415;313
1217;45;30;1516;1375;2164;681
1375;45;31;1217;1894;1605;149
1894;45;32;1375;862;2252;295
862;45;33;1894;1046;813;2285
1046;45;34;862;1558;581;850
1558;45;35;1046;1564;168;605
1564;45;36;1558;2221;533;1783
2221;45;37;1564;949;1858;1572
949;45;38;2221;1666;315;497
1666;45;39;949;806;1246;2107
806;45;40;1666;2146;235;642
2146;45;41;806;2022;842;817
2022;45;42;2146;661;2102;1998
661;45;43;2022;2215;1266;73
2215;45;44;661;1281;2428;2366
1281;45;45;2215;1096;1254;588
1096;45;46;1281;1070;818;600
1070;45;47;1096;2323;1594;299
2323;45;48;1070;2063;2438;1387
2063;45;49;2323;0;1701;1210
2059;46;0;0;1365;1270;1027
1365;46;1;2059;969;229;641
969;46;2;1365;2106;1576;992
2106;46;3;969;2305;410;733
2305;46;4;2106;1817;383;735
1817;46;5;2305;1451;1844;408
1451;46;6;1817;653;1138;657
653;46;7;1451;1072;143;2436
1072;46;8;653;1928;335;459
1928;46;9;1072;579;1050;2500
579;46;10;1928;175;521;1627
175;46;11;579;1633;1534;1025
1633;46;12;175;2439;402;2495
2439;46;13;1633;205;670;1424
205;46;14;2439;829;2407;30
829;46;15;205;1517;804;325
1517;46;16;829;1994;1856;974
1994;46;17;1517;475;1228;1104
475;46;18;1994;2158;1304;1198
2158;46;19;475;468;2111;2199
468;46;20;2158;1833;699;1443
1833;46;21;468;2479;2092;1815
2479;46;22;1833;711;366;2374
711;46;23;2479;741;2343;1167
741;46;24;711;2406;472;2355
2406;46;25;741;1278;1022;933
1278;46;26;2406;2309;1422;1221
2309;46;27;1278;1232;538;1497
1232;46;28;2309;313;1820;1620
313;46;29;1232;681;1516;1669
681;46;30;313;149;1217;2493
149;46;31;681;295;1375;1205
295;46;32;149;2285;1894;2433
2285;46;33;295;850;862;1393
850;46;34;2285;605;1046;761
605;46;35;850;1783;1558;223
1783;46;36;605;1572;1564;1157
1572;46;37;1783;497;2221;1880
497;46;38;1572;2107;949;2243
2107;46;39;497;642;1666;352
642;46;40;2107;817;806;1038
817;46;41;642;1998;2146;1993
1998;46;42;817;73;2022;273
73;46;43;1998;2366;661;368
2366;46;44;73;588;2215;508
588;46;45;2366;600;1281;1807
600;46;46;588;299;1096;1987
299;46;47;600;1387;1070;962
1387;46;48;299;1210;2323;257
1210;46;49;1387;0;2063;1018
1027;47;0;0;641;2059;91
641;47;1;1027;992;1365;81
992;47;2;641;733;969;268
733;47;3;992;735;2106;1340
735;47;4;733;408;2305;865
408;47;5;735;657;1817;1485
657;47;6;408;2436;1451;2026
2436;47;7;657;459;653;166
459;47;8;2436;2500;1072;23
2500;47;9;459;1627;1928;1364
1627;47;10;2500;1025;579;278
1025;47;11;1627;2495;175;2275
2495;47;12;1025;1424;1633;2085
1424;47;13;2495;30;2439;2195
30;47;14;1424;325;205;1580
325;47;15;30;974;829;830
974;47;16;325;1104;1517;504
1104;47;17;974;1198;1994;2454
1198;47;18;1104;2199;475;534
2199;47;19;1198;1443;2158;1775
1443;47;20;2199;1815;468;1895
1815;47;21;1443;2374;1833;1450
2374;47;22;1815;1167;2479;2216
1167;47;23;2374;2355;711;1171
2355;47;24;1167;933;741;1118
933;47;25;2355;1221;2406;1020
1221;47;26;933;1497;1278;1301
1497;47;27;1221;1620;2309;1069
1620;47;28;1497;1669;1232;816
1669;47;29;1620;2493;313;259
2493;47;30;1669;1205;681;153
1205;47;31;2493;2433;149;980
2433;47;32;1205;1393;295;483
1393;47;33;2433;761;2285;904
761;47;34;1393;223;850;1213
223;47;35;761;1157;605;16
1157;47;36;223;1880;1783;1429
1880;47;37;1157;2243;1572;426
2243;47;38;1880;352;497;2303
352;47;39;2243;1038;2107;1996
1038;47;40;352;1993;642;909
1993;47;41;1038;273;817;520
273;47;42;1993;368;1998;2036
368;47;43;273;508;73;2217
508;47;44;368;1807;2366;1437
1807;47;45;508;1987;588;1646
1987;47;46;1807;962;600;574
962;47;47;1987;257;299;234
257;47;48;962;1018;1387;948
1018;47;49;257;0;1210;827
91;48;0;0;81;1027;397
81;48;1;91;268;641;2208
268;48;2;81;1340;992;1417
1340;48;3;268;865;733;1948
865;48;4;1340;1485;735;2110
1485;48;5;865;2026;408;1149
2026;48;6;1485;166;657;102
166;48;7;2026;23;2436;2403
23;48;8;166;1364;459;760
1364;48;9;23;278;2500;1354
278;48;10;1364;2275;1627;2396
2275;48;11;278;2085;1025;1142
2085;48;12;2275;2195;2495;1092
2195;48;13;2085;1580;1424;1636
1580;48;14;2195;830;30;461
830;48;15;1580;504;325;1535
504;48;16;830;2454;974;176
2454;48;17;504;534;1104;1316
534;48;18;2454;1775;1198;500
1775;48;19;534;1895;2199;946
1895;48;20;1775;1450;1443;2346
1450;48;21;1895;2216;1815;330
2216;48;22;1450;1171;2374;551
1171;48;23;2216;1118;1167;1165
1118;48;24;1171;1020;2355;978
1020;48;25;1118;1301;933;1268
1301;48;26;1020;1069;1221;2090
1069;48;27;1301;816;1497;2073
816;48;28;1069;259;1620;2002
259;48;29;816;153;1669;2152
153;48;30;259;980;2493;1220
980;48;31;153;483;1205;323
483;48;32;980;904;2433;2177
904;48;33;483;1213;1393;1891
1213;48;34;904;16;761;243
16;48;35;1213;1429;223;2101
1429;48;36;16;426;1157;1113
426;48;37;1429;2303;1880;2267
2303;48;38;426;1996;2243;2131
1996;48;39;2303;909;352;156
909;48;40;1996;520;1038;725
520;48;41;909;2036;1993;12
2036;48;42;520;2217;273;1436
2217;48;43;2036;1437;368;331
1437;48;44;2217;1646;508;2261
1646;48;45;1437;574;1807;245
574;48;46;1646;234;1987;1702
234;48;47;574;948;962;1409
948;48;48;234;827;257;2003
827;48;49;948;0;1018;311
397;49;0;0;2208;91;0
2208;49;1;397;1417;81;0
1417;49;2;2208;1948;268;0
1948;49;3;1417;2110;1340;0
2110;49;4;1948;1149;865;0
1149;49;5;2110;102;1485;0
102;49;6;1149;2403;2026;0
2403;49;7;102;760;166;0
760;49;8;2403;1354;23;0
1354;49;9;760;2396;1364;0
2396;49;10;1354;1142;278;0
1142;49;11;2396;1092;2275;0
1092;49;12;1142;1636;2085;0
1636;49;13;1092;461;2195;0
461;49;14;1636;1535;1580;0
1535;49;15;461;176;830;0
176;49;16;1535;1316;504;0
1316;49;17;176;500;2454;0
500;49;18;1316;946;534;0
946;49;19;500;2346;1775;0
2346;49;20;946;330;1895;0
330;49;21;2346;551;1450;0
551;49;22;330;1165;2216;0
1165;49;23;551;978;1171;0
978;49;24;1165;1268;1118;0
1268;49;25;978;2090;1020;0
2090;49;26;1268;2073;1301;0
2073;49;27;2090;2002;1069;0
2002;49;28;2073;2152;816;0
2152;49;29;2002;1220;259;0
1220;49;30;2152;323;153;0
323;49;31;1220;2177;980;0
2177;49;32;323;1891;483;0
1891;49;33;2177;243;904;0
243;49;34;1891;2101;1213;0
2101;49;35;243;1113;16;0
1113;49;36;2101;2267;1429;0
2267;49;37;1113;2131;426;0
2131;49;38;2267;156;2303;0
156;49;39;2131;725;1996;0
725;49;40;156;12;909;0
12;49;41;725;1436;520;0
1436;49;42;12;331;2036;0
331;49;43;1436;2261;2217;0
2261;49;44;331;245;1437;0
245;49;45;2261;1702;1646;0
1702;49;46;245;1409;574;0
1409;49;47;1702;2003;234;0
2003;49;48;1409;311;948;0
311;49;49;2003;0;827;0
